Indicator,S.No.,Parameters,Type,District - _Assam - Total [(A+B) or (C+D)],District - _Assam - Public [A],District - _Assam - Private [B],District - _Assam - Urban [C],District - _Assam - Rural [D],District - Baksa - Total [(A+B) or (C+D)],District - Baksa - Public [A],District - Baksa - Private [B],District - Baksa - Urban [C],District - Baksa - Rural [D],District - Barpeta - Total [(A+B) or (C+D)],District - Barpeta - Public [A],District - Barpeta - Private [B],District - Barpeta - Urban [C],District - Barpeta - Rural [D],District - Bongaigaon - Total [(A+B) or (C+D)],District - Bongaigaon - Public [A],District - Bongaigaon - Private [B],District - Bongaigaon - Urban [C],District - Bongaigaon - Rural [D],District - Cachar - Total [(A+B) or (C+D)],District - Cachar - Public [A],District - Cachar - Private [B],District - Cachar - Urban [C],District - Cachar - Rural [D],District - Chirang - Total [(A+B) or (C+D)],District - Chirang - Public [A],District - Chirang - Private [B],District - Chirang - Urban [C],District - Chirang - Rural [D],District - Darrang - Total [(A+B) or (C+D)],District - Darrang - Public [A],District - Darrang - Private [B],District - Darrang - Urban [C],District - Darrang - Rural [D],District - Dhemaji - Total [(A+B) or (C+D)],District - Dhemaji - Public [A],District - Dhemaji - Private [B],District - Dhemaji - Urban [C],District - Dhemaji - Rural [D],District - Dhubri - Total [(A+B) or (C+D)],District - Dhubri - Public [A],District - Dhubri - Private [B],District - Dhubri - Urban [C],District - Dhubri - Rural [D],District - Dibrugarh - Total [(A+B) or (C+D)],District - Dibrugarh - Public [A],District - Dibrugarh - Private [B],District - Dibrugarh - Urban [C],District - Dibrugarh - Rural [D],District - Dima Hasao - Total [(A+B) or (C+D)],District - Dima Hasao - Public [A],District - Dima Hasao - Private [B],District - Dima Hasao - Urban [C],District - Dima Hasao - Rural [D],District - Goalpara - Total [(A+B) or (C+D)],District - Goalpara - Public [A],District - Goalpara - Private [B],District - Goalpara - Urban [C],District - Goalpara - Rural [D],District - Golaghat - Total [(A+B) or (C+D)],District - Golaghat - Public [A],District - Golaghat - Private [B],District - Golaghat - Urban [C],District - Golaghat - Rural [D],District - Hailakandi - Total [(A+B) or (C+D)],District - Hailakandi - Public [A],District - Hailakandi - Private [B],District - Hailakandi - Urban [C],District - Hailakandi - Rural [D],District - Jorhat - Total [(A+B) or (C+D)],District - Jorhat - Public [A],District - Jorhat - Private [B],District - Jorhat - Urban [C],District - Jorhat - Rural [D],District - Kamrup M - Total [(A+B) or (C+D)],District - Kamrup M - Public [A],District - Kamrup M - Private [B],District - Kamrup M - Urban [C],District - Kamrup M - Rural [D],District - Kamrup R - Total [(A+B) or (C+D)],District - Kamrup R - Public [A],District - Kamrup R - Private [B],District - Kamrup R - Urban [C],District - Kamrup R - Rural [D],District - Karbi Anglong - Total [(A+B) or (C+D)],District - Karbi Anglong - Public [A],District - Karbi Anglong - Private [B],District - Karbi Anglong - Urban [C],District - Karbi Anglong - Rural [D],District - Karimganj - Total [(A+B) or (C+D)],District - Karimganj - Public [A],District - Karimganj - Private [B],District - Karimganj - Urban [C],District - Karimganj - Rural [D],District - Kokrajhar - Total [(A+B) or (C+D)],District - Kokrajhar - Public [A],District - Kokrajhar - Private [B],District - Kokrajhar - Urban [C],District - Kokrajhar - Rural [D],District - Lakhimpur - Total [(A+B) or (C+D)],District - Lakhimpur - Public [A],District - Lakhimpur - Private [B],District - Lakhimpur - Urban [C],District - Lakhimpur - Rural [D],District - Marigaon - Total [(A+B) or (C+D)],District - Marigaon - Public [A],District - Marigaon - Private [B],District - Marigaon - Urban [C],District - Marigaon - Rural [D],District - Nagaon - Total [(A+B) or (C+D)],District - Nagaon - Public [A],District - Nagaon - Private [B],District - Nagaon - Urban [C],District - Nagaon - Rural [D],District - Nalbari - Total [(A+B) or (C+D)],District - Nalbari - Public [A],District - Nalbari - Private [B],District - Nalbari - Urban [C],District - Nalbari - Rural [D],District - Sibsagar - Total [(A+B) or (C+D)],District - Sibsagar - Public [A],District - Sibsagar - Private [B],District - Sibsagar - Urban [C],District - Sibsagar - Rural [D],District - Sonitpur - Total [(A+B) or (C+D)],District - Sonitpur - Public [A],District - Sonitpur - Private [B],District - Sonitpur - Urban [C],District - Sonitpur - Rural [D],District - Tinsukia - Total [(A+B) or (C+D)],District - Tinsukia - Public [A],District - Tinsukia - Private [B],District - Tinsukia - Urban [C],District - Tinsukia - Rural [D],District - Udalguri - Total [(A+B) or (C+D)],District - Udalguri - Public [A],District - Udalguri - Private [B],District - Udalguri - Urban [C],District - Udalguri - Rural [D]
M1 [Ante Natal Care (ANC)],'1.1',Total number of pregnant women registered for ANC,TOTAL,44946,43185,1761,3056,41890,1109,1108,1,NA,1109,2738,2605,133,82,2656,994,988,6,108,886,2700,2670,30,131,2569,617,617,0,NA,617,1446,1441,5,NA,1446,931,931,0,NA,931,3448,3388,60,96,3352,1439,1064,375,237,1202,266,264,2,NA,266,1714,1676,38,119,1595,1324,1324,0,NA,1324,1425,1425,NA,NA,1425,1390,1355,35,166,1224,1886,1788,98,1543,343,2175,2175,0,0,2175,1442,1442,NA,55,1387,2206,2206,0,55,2151,1230,1230,0,NA,1230,1521,1481,40,78,1443,1473,1471,2,NA,1473,4590,4554,36,144,4446,868,868,NA,NA,868,1288,1073,215,147,1141,2195,1960,235,28,2167,1488,1124,364,67,1421,1043,957,86,NA,1043
M1 [Ante Natal Care (ANC)],'1.1.1',"Out of the total ANC registered, number registered within 1st trimester (within 12 weeks)",TOTAL,40273,38786,1487,2626,37647,970,969,1,NA,970,2564,2445,119,82,2482,911,910,1,81,830,2384,2360,24,99,2285,531,531,0,NA,531,1407,1403,4,NA,1407,874,874,0,NA,874,3052,2994,58,87,2965,1314,978,336,216,1098,213,211,2,NA,213,1680,1642,38,116,1564,1150,1150,0,NA,1150,1326,1326,NA,NA,1326,1304,1284,20,140,1164,1668,1573,95,1360,308,2001,2001,0,0,2001,1139,1139,NA,34,1105,2030,2030,0,55,1975,943,943,NA,NA,943,1439,1408,31,67,1372,1307,1305,2,NA,1307,3922,3894,28,86,3836,823,823,NA,NA,823,1193,1001,192,128,1065,1935,1748,187,28,1907,1254,967,287,47,1207,939,877,62,NA,939
M1 [Ante Natal Care (ANC)],'1.2.1',Number of PW given TT1,TOTAL,39057,36820,2237,2813,36244,962,960,2,NA,962,2449,2404,45,NA,2449,840,836,4,80,760,2308,2089,219,221,2087,504,504,0,NA,504,1390,1385,5,NA,1390,735,735,0,NA,735,3816,3113,703,82,3734,1209,882,327,216,993,213,212,1,NA,213,1584,1551,33,115,1469,1127,1127,0,NA,1127,1043,1043,NA,NA,1043,1244,1224,20,151,1093,1768,1699,69,1467,301,1625,1625,0,0,1625,1260,1260,NA,67,1193,1876,1876,0,38,1838,979,979,NA,NA,979,1255,1226,29,61,1194,1303,1301,2,NA,1303,3779,3732,47,135,3644,768,768,NA,NA,768,969,863,106,56,913,1985,1757,228,28,1957,1244,927,317,96,1148,822,742,80,NA,822
M1 [Ante Natal Care (ANC)],'1.2.2',Number of PW given TT2,TOTAL,41332,39132,2200,2867,38465,934,932,2,NA,934,2713,2662,51,NA,2713,869,868,1,82,787,2591,2394,197,213,2378,492,492,0,NA,492,1390,1389,1,NA,1390,784,784,0,NA,784,4028,3382,646,91,3937,1306,956,350,237,1069,230,228,2,NA,230,1574,1539,35,121,1453,1045,1045,0,NA,1045,1076,1076,NA,NA,1076,1177,1160,17,133,1044,1776,1711,65,1499,277,1971,1971,0,0,1971,1318,1318,NA,73,1245,2276,2276,0,51,2225,1058,1058,NA,NA,1058,1176,1147,29,56,1120,1323,1319,4,NA,1323,4033,3988,45,140,3893,925,925,NA,NA,925,1061,940,121,41,1020,2081,1844,237,35,2046,1303,974,329,95,1208,822,754,68,NA,822
M1 [Ante Natal Care (ANC)],'1.2.3',Number of PW given TT Booster,TOTAL,4076,3916,160,151,3925,24,24,0,NA,24,164,157,7,NA,164,63,63,0,5,58,442,438,4,25,417,51,51,0,NA,51,65,65,0,NA,65,50,50,0,NA,50,271,270,1,6,265,163,134,29,12,151,40,40,0,NA,40,103,98,5,11,92,70,70,0,NA,70,210,210,NA,NA,210,74,64,10,20,54,60,59,1,39,21,111,111,0,0,111,183,183,NA,2,181,762,762,0,3,759,74,74,NA,NA,74,105,102,3,5,100,171,171,0,NA,171,380,373,7,13,367,28,28,NA,NA,28,79,64,15,4,75,94,87,7,0,94,182,111,71,6,176,57,57,0,NA,57
M1 [Ante Natal Care (ANC)],'1.2.4',Number of PW given 180 Iron Folic Acid (IFA) tablets,TOTAL,47881,46098,1783,2897,44984,1259,1259,0,NA,1259,3034,2928,106,30,3004,982,976,6,108,874,4432,4339,93,141,4291,589,589,0,NA,589,1473,1467,6,NA,1473,986,986,0,NA,986,3492,3424,68,95,3397,1536,1156,380,280,1256,317,317,0,NA,317,1709,1671,38,128,1581,1351,1341,10,NA,1351,1408,1408,NA,NA,1408,1310,1308,2,129,1181,1860,1764,96,1514,346,2079,2079,0,0,2079,1470,1470,NA,78,1392,2361,2361,0,55,2306,1199,1199,NA,NA,1199,1316,1281,35,52,1264,1473,1471,2,NA,1473,5144,5112,32,111,5033,905,905,NA,NA,905,1250,1123,127,64,1186,2287,2017,270,27,2260,1611,1184,427,85,1526,1048,963,85,NA,1048
M1 [Ante Natal Care (ANC)],'1.2.5',Number of PW given 360 Calcium tablets,TOTAL,45250,43686,1564,2747,42503,1292,1292,0,NA,1292,3060,2962,98,30,3030,995,989,6,108,887,3051,2996,55,141,2910,381,381,0,NA,381,1459,1455,4,NA,1459,960,960,0,NA,960,3540,3472,68,59,3481,1491,1107,384,281,1210,326,326,0,NA,326,1799,1762,37,119,1680,1340,1340,0,NA,1340,1403,1403,NA,NA,1403,1332,1315,17,144,1188,1848,1752,96,1507,341,1935,1935,0,0,1935,1237,1237,NA,16,1221,2926,2926,0,55,2871,1218,1218,NA,NA,1218,1140,1105,35,52,1088,1434,1432,2,NA,1434,5336,5311,25,85,5251,878,878,NA,NA,878,1279,1193,86,64,1215,1159,982,177,NA,1159,1560,1162,398,86,1474,871,795,76,NA,871
M1 [Ante Natal Care (ANC)],'1.2.6',Number of PW given one Albendazole tablet after 1st trimester,TOTAL,29859,29266,593,1576,28283,829,829,0,NA,829,918,915,3,0,918,895,895,NA,80,815,2467,2454,13,141,2326,94,94,0,NA,94,1353,1351,2,NA,1353,323,323,0,NA,323,3014,2946,68,69,2945,460,376,84,0,460,237,237,0,NA,237,1613,1575,38,128,1485,824,824,0,NA,824,1232,1232,NA,NA,1232,831,831,0,104,727,1113,1113,0,904,209,1175,1175,0,0,1175,818,818,NA,21,797,3170,3170,0,46,3124,863,863,NA,NA,863,244,236,8,0,244,613,613,0,NA,613,3588,3568,20,50,3538,847,847,NA,NA,847,972,888,84,20,952,186,140,46,NA,186,699,503,196,13,686,481,450,31,NA,481
M1 [Ante Natal Care (ANC)],'1.2.7',Number of PW received 4 or more ANC check ups,TOTAL,55316,53006,2310,2901,52415,1269,1269,0,NA,1269,3764,3693,71,1,3763,1078,1078,NA,83,995,3681,3575,106,164,3517,550,550,0,NA,550,1858,1852,6,NA,1858,1312,1312,0,NA,1312,4389,4166,223,129,4260,1741,1384,357,172,1569,248,246,2,NA,248,2010,1980,30,126,1884,1380,1380,0,NA,1380,1502,1502,NA,NA,1502,1455,1426,29,130,1325,2533,2298,235,1551,982,2379,2379,0,0,2379,1457,1457,NA,65,1392,3634,3594,40,44,3590,1319,1319,NA,NA,1319,1634,1589,45,62,1572,1983,1982,1,NA,1983,5749,5719,30,111,5638,1143,1143,NA,NA,1143,1626,1387,239,117,1509,2856,2516,340,35,2821,1686,1215,471,111,1575,1080,995,85,NA,1080
M1 [Ante Natal Care (ANC)],'1.2.8',Number of PW given ANC Corticosteroids in Pre Term Labour,TOTAL,946,916,30,14,932,10,10,0,NA,10,139,126,13,12,127,16,16,NA,0,16,299,286,13,0,299,3,3,0,NA,3,24,24,0,NA,24,18,18,0,NA,18,55,55,0,0,55,3,3,0,0,3,0,0,0,NA,0,39,39,0,0,39,22,22,0,NA,22,69,69,NA,NA,69,33,33,0,0,33,38,38,0,0,38,5,5,0,0,5,4,4,NA,2,2,59,58,1,0,59,4,4,NA,NA,4,8,8,0,0,8,0,0,0,NA,0,33,33,0,0,33,18,18,NA,NA,18,15,15,0,0,15,4,1,3,NA,4,6,6,0,0,6,22,22,0,NA,22
M1 [Ante Natal Care (ANC)],'1.3.1',New cases of PW with hypertension detected,TOTAL,2069,1950,119,61,2008,35,34,1,NA,35,214,207,7,6,208,38,38,NA,1,37,60,54,6,0,60,19,19,0,NA,19,116,116,0,NA,116,42,42,NA,NA,42,173,169,4,0,173,165,154,11,1,164,9,9,0,NA,9,52,52,0,1,51,46,46,0,NA,46,26,26,NA,NA,26,64,64,0,2,62,165,149,16,37,128,36,36,0,0,36,63,63,NA,NA,63,149,133,16,0,149,94,94,NA,NA,94,40,40,0,0,40,12,12,0,NA,12,141,141,0,4,137,29,29,NA,NA,29,58,53,5,0,58,87,59,28,0,87,48,28,20,9,39,88,83,5,NA,88
M1 [Ante Natal Care (ANC)],'1.3.1.a',"Out of the new cases of PW with hypertension detected, cases managed at institution",TOTAL,1317,1246,71,40,1277,21,21,0,NA,21,168,162,6,6,162,25,25,NA,NA,25,28,23,5,0,28,7,7,0,NA,7,89,89,0,NA,89,18,18,NA,NA,18,92,92,0,0,92,109,105,4,1,108,3,3,0,NA,3,32,32,0,1,31,27,27,0,NA,27,15,15,NA,NA,15,46,46,0,0,46,142,135,7,25,117,17,17,0,0,17,13,13,NA,NA,13,101,85,16,0,101,74,74,NA,NA,74,27,27,0,0,27,2,2,0,NA,2,78,78,0,0,78,7,7,NA,NA,7,26,25,1,0,26,57,40,17,NA,57,31,19,12,7,24,62,59,3,NA,62
M1 [Ante Natal Care (ANC)],'1.3.2',Number of Eclampsia cases managed during delivery,TOTAL,256,250,6,4,252,1,1,0,NA,1,24,24,0,0,24,2,2,NA,NA,2,1,1,0,0,1,0,0,0,NA,0,21,21,0,NA,21,0,0,NA,NA,0,14,14,NA,0,14,26,26,0,0,26,0,0,0,NA,0,3,3,0,0,3,4,4,0,NA,4,8,8,NA,NA,8,22,22,0,0,22,56,54,2,2,54,0,0,0,0,0,2,2,NA,NA,2,6,6,0,0,6,9,9,NA,NA,9,8,8,0,0,8,0,0,0,NA,0,7,7,0,0,7,1,1,NA,NA,1,4,2,2,0,4,0,0,0,NA,0,2,0,2,2,0,35,35,0,NA,35
M1 [Ante Natal Care (ANC)],'1.4.1',Number of PW tested for Haemoglobin (Hb ) 4 or more than 4 times for respective ANCs,TOTAL,57802,56189,1613,1550,56252,1188,1188,0,NA,1188,3551,3470,81,7,3544,1126,1126,NA,112,1014,3640,3574,66,124,3516,442,442,0,NA,442,1849,1843,6,NA,1849,1294,1294,NA,NA,1294,4413,4323,90,129,4284,1598,1320,278,5,1593,263,263,0,NA,263,2213,2210,3,150,2063,1248,1246,2,NA,1248,1531,1531,NA,NA,1531,2029,2029,0,88,1941,2270,2270,0,794,1476,4775,4775,0,0,4775,942,942,NA,3,939,4635,4564,71,46,4589,896,896,NA,NA,896,1321,1274,47,0,1321,1781,1780,1,NA,1781,8023,7932,91,0,8023,1061,1061,NA,NA,1061,1139,1079,60,0,1139,2087,1812,275,4,2083,1575,1105,470,88,1487,912,840,72,NA,912
M1 [Ante Natal Care (ANC)],'1.4.2',Number of PW having Hb level<11 (tested cases)(7.1 to 10.9),TOTAL,42977,41020,1957,1720,41257,736,736,0,NA,736,2765,2512,253,30,2735,1115,1115,NA,70,1045,2655,2556,99,8,2647,764,764,0,NA,764,1159,1159,0,NA,1159,803,803,NA,NA,803,2834,2817,17,150,2684,2124,1820,304,2,2122,192,192,0,NA,192,1563,1527,36,184,1379,1124,1123,1,NA,1124,1251,1251,NA,NA,1251,889,889,0,55,834,2041,1845,196,940,1101,2264,2264,0,0,2264,848,848,NA,1,847,2717,2630,87,44,2673,1159,1159,NA,NA,1159,1163,1120,43,68,1095,1569,1568,1,NA,1569,3780,3668,112,52,3728,352,352,NA,NA,352,1904,1804,100,0,1904,2122,1867,255,4,2118,1655,1260,395,112,1543,1429,1371,58,NA,1429
M1 [Ante Natal Care (ANC)],'1.4.3',Number of PW having Hb level<7 (tested cases),TOTAL,1372,1289,83,43,1329,22,22,0,NA,22,52,51,1,NA,52,11,11,NA,NA,11,90,88,2,0,90,116,116,0,NA,116,53,53,0,NA,53,20,20,NA,NA,20,66,66,0,9,57,30,26,4,0,30,20,20,0,NA,20,22,22,0,1,21,14,14,0,NA,14,33,33,NA,NA,33,15,15,0,1,14,58,52,6,17,41,39,39,0,0,39,21,21,NA,NA,21,278,271,7,0,278,63,63,NA,NA,63,27,21,6,1,26,104,104,0,NA,104,54,54,0,3,51,6,6,NA,NA,6,28,28,0,0,28,44,24,20,0,44,58,26,32,11,47,28,23,5,NA,28
M1 [Ante Natal Care (ANC)],'1.4.4',Number of PW having severe anaemia (Hb<7) treated,TOTAL,747,675,72,24,723,17,15,2,NA,17,37,36,1,NA,37,9,9,NA,NA,9,96,96,0,0,96,1,1,0,NA,1,53,53,0,NA,53,16,16,NA,NA,16,18,18,NA,0,18,11,6,5,0,11,11,11,0,NA,11,22,22,0,0,22,6,6,0,NA,6,33,33,NA,NA,33,5,5,0,0,5,48,42,6,14,34,32,32,0,0,32,19,19,NA,NA,19,134,127,7,0,134,36,36,NA,NA,36,26,24,2,0,26,0,0,0,NA,0,23,23,0,3,20,3,3,NA,NA,3,21,21,0,0,21,28,12,16,0,28,33,5,28,7,26,9,4,5,NA,9
M1 [Ante Natal Care (ANC)],'1.5.1',Number of PW tested for blood sugar using OGTT (Oral Glucose Tolerance Test),TOTAL,1509,1274,235,52,1457,0,0,0,NA,0,0,0,0,NA,0,0,0,NA,NA,0,204,68,136,0,204,0,0,0,NA,0,0,0,0,NA,0,0,0,NA,NA,0,92,92,NA,0,92,233,224,9,0,233,0,0,0,NA,0,0,0,0,0,0,0,0,0,NA,0,0,0,NA,NA,0,0,0,0,0,0,337,300,37,37,300,0,0,0,0,0,152,152,NA,NA,152,472,437,35,0,472,0,0,NA,NA,0,0,0,0,0,0,0,0,0,NA,0,0,0,0,0,0,1,1,NA,NA,1,0,0,0,0,0,0,0,0,0,0,18,0,18,15,3,0,0,0,NA,0
M1 [Ante Natal Care (ANC)],'1.5.2',Number of PW tested positive for GDM,TOTAL,307,304,3,0,307,0,0,0,NA,0,0,0,0,NA,0,0,0,NA,NA,0,1,1,0,0,1,0,0,0,NA,0,0,0,0,NA,0,0,0,NA,NA,0,0,0,NA,0,0,0,0,0,0,0,0,0,0,NA,0,0,0,0,0,0,0,0,0,NA,0,0,0,NA,NA,0,0,0,0,0,0,300,300,0,0,300,0,0,0,0,0,0,0,NA,NA,0,3,0,3,0,3,0,0,NA,NA,0,0,0,0,0,0,0,0,0,NA,0,2,2,0,0,2,1,1,NA,NA,1,0,0,0,0,0,0,0,0,NA,0,0,0,0,0,0,0,0,0,NA,0
M1 [Ante Natal Care (ANC)],'1.5.3',Number of PW given insulin out of total tested positive for GDM,TOTAL,4,4,0,0,4,0,0,0,NA,0,0,0,0,NA,0,0,0,NA,NA,0,0,0,0,0,0,0,0,0,NA,0,0,0,0,NA,0,0,0,NA,NA,0,0,0,NA,0,0,0,0,0,0,0,0,0,0,NA,0,0,0,0,0,0,0,0,0,NA,0,0,0,NA,NA,0,0,0,0,0,0,3,3,0,0,3,0,0,0,0,0,0,0,NA,NA,0,0,0,0,0,0,0,0,NA,NA,0,0,0,0,0,0,0,0,0,NA,0,0,0,0,0,0,1,1,NA,NA,1,0,0,0,0,0,0,0,0,NA,0,0,0,0,0,0,0,0,0,NA,0
M1 [Ante Natal Care (ANC)],'1.6.1.a',Number of PW tested using POC test for Syphilis,TOTAL,280,271,9,92,188,0,0,NA,NA,0,0,0,NA,NA,0,5,5,NA,NA,5,0,0,NA,NA,0,7,7,NA,NA,7,0,0,NA,NA,0,0,0,NA,NA,0,16,16,0,NA,16,0,0,NA,NA,0,0,0,NA,NA,0,0,0,NA,0,0,0,0,0,NA,0,0,0,NA,NA,0,102,102,NA,92,10,0,0,NA,0,0,0,0,NA,NA,0,0,0,NA,NA,0,67,67,NA,NA,67,31,31,NA,NA,31,9,0,9,NA,9,0,0,NA,NA,0,23,23,0,NA,23,0,0,NA,NA,0,0,0,NA,NA,0,0,0,NA,NA,0,0,0,NA,0,0,20,20,NA,NA,20
M1 [Ante Natal Care (ANC)],'1.6.1.b',"Out of above, number of PW found sero positive for syphilis",TOTAL,5,5,0,0,5,0,0,NA,NA,0,0,0,NA,NA,0,0,0,NA,NA,0,0,0,NA,NA,0,0,0,NA,NA,0,0,0,NA,NA,0,0,0,NA,NA,0,0,0,0,NA,0,0,0,NA,NA,0,0,0,NA,NA,0,0,0,NA,0,0,0,0,0,NA,0,0,0,NA,NA,0,0,0,NA,0,0,0,0,NA,0,0,0,0,NA,NA,0,0,0,NA,NA,0,0,0,NA,NA,0,0,0,NA,NA,0,0,0,0,NA,0,0,0,NA,NA,0,0,0,0,NA,0,0,0,NA,NA,0,0,0,NA,NA,0,0,0,NA,NA,0,0,0,NA,0,0,5,5,NA,NA,5
M1 [Ante Natal Care (ANC)],'1.6.2.a',Number of pregnant women tested for Syphilis,TOTAL,20796,20361,435,441,20355,530,530,0,NA,530,969,926,43,NA,969,124,124,NA,NA,124,1472,1384,88,0,1472,113,113,0,NA,113,529,529,0,NA,529,467,467,NA,NA,467,1448,1352,96,0,1448,480,480,0,66,414,171,171,0,NA,171,1031,989,42,40,991,138,131,7,NA,138,555,555,NA,NA,555,1310,1310,0,0,1310,1063,1063,0,205,858,1520,1520,0,0,1520,773,773,NA,NA,773,824,824,0,0,824,592,592,NA,NA,592,639,623,16,20,619,409,409,0,NA,409,1991,1991,0,0,1991,863,863,NA,NA,863,581,581,0,0,581,1172,1166,6,NA,1172,698,570,128,110,588,334,325,9,NA,334
M1 [Ante Natal Care (ANC)],'1.6.2.b',Number of pregnant women tested found sero positive for Syphilis,TOTAL,103,103,0,70,33,1,1,0,NA,1,1,1,0,NA,1,0,0,NA,NA,0,2,2,0,0,2,0,0,0,NA,0,0,0,0,NA,0,0,0,NA,NA,0,1,1,NA,0,1,9,9,0,0,9,2,2,0,NA,2,4,4,0,0,4,0,0,0,NA,0,0,0,NA,NA,0,4,4,0,0,4,71,71,0,70,1,0,0,0,0,0,0,0,NA,NA,0,0,0,0,0,0,0,0,NA,NA,0,1,1,0,0,1,0,0,0,NA,0,0,0,0,0,0,7,7,NA,NA,7,0,0,0,0,0,0,0,0,NA,0,0,0,0,0,0,0,0,0,NA,0
M1 [Ante Natal Care (ANC)],'1.6.2.c',Number of syphilis positive pregnant women treated for Syphilis,TOTAL,29,29,0,6,23,0,0,0,NA,0,19,19,0,NA,19,0,0,NA,NA,0,1,1,0,0,1,0,0,0,NA,0,0,0,0,NA,0,0,0,NA,NA,0,0,0,NA,0,0,0,0,0,0,0,0,0,0,NA,0,2,2,0,0,2,0,0,0,NA,0,0,0,NA,NA,0,0,0,0,0,0,6,6,0,6,0,0,0,0,0,0,0,0,NA,NA,0,0,0,0,0,0,0,0,NA,NA,0,0,0,0,0,0,0,0,0,NA,0,0,0,0,0,0,1,1,NA,NA,1,0,0,0,0,0,0,0,0,NA,0,0,0,0,0,0,0,0,0,NA,0
M1 [Ante Natal Care (ANC)],'1.6.2.d',Number of babies diagnosed with Congenital Syphilis,TOTAL,1,1,0,0,1,0,0,0,NA,0,0,0,0,NA,0,0,0,NA,NA,0,0,0,0,0,0,0,0,0,NA,0,0,0,0,NA,0,0,0,NA,NA,0,0,0,NA,0,0,0,0,0,0,0,0,0,0,NA,0,0,0,0,0,0,0,0,0,NA,0,0,0,NA,NA,0,0,0,0,0,0,0,0,0,0,0,0,0,0,0,0,0,0,NA,NA,0,0,0,0,0,0,0,0,NA,NA,0,0,0,0,0,0,0,0,0,NA,0,0,0,0,0,0,1,1,NA,NA,1,0,0,0,0,0,0,0,0,NA,0,0,0,0,0,0,0,0,0,NA,0
M1 [Ante Natal Care (ANC)],'1.6.2.e',Number of babies treated for congenital Syphilis,TOTAL,1,1,0,0,1,0,0,0,NA,0,0,0,0,NA,0,0,0,NA,NA,0,0,0,0,0,0,0,0,0,NA,0,0,0,0,NA,0,0,0,NA,NA,0,0,0,NA,0,0,0,0,0,0,0,0,0,0,NA,0,0,0,0,0,0,0,0,0,NA,0,0,0,NA,NA,0,0,0,0,0,0,0,0,0,0,0,0,0,0,0,0,0,0,NA,NA,0,0,0,0,0,0,0,0,NA,NA,0,0,0,0,0,0,0,0,0,NA,0,0,0,0,0,0,1,1,NA,NA,1,0,0,0,NA,0,0,0,0,NA,0,0,0,0,0,0,0,0,0,NA,0
M2 [Deliveries],'2.1.1.a',Number of Home Deliveries attended by Skill Birth Attendant(SBA) (Doctor/Nurse/ANM),TOTAL,1473,1467,6,10,1463,25,25,0,NA,25,360,360,0,NA,360,16,16,NA,6,10,71,71,0,0,71,9,9,0,NA,9,7,7,0,NA,7,4,4,NA,NA,4,272,272,0,0,272,1,1,0,0,1,36,36,0,NA,36,84,84,0,3,81,6,6,0,NA,6,47,47,NA,NA,47,13,13,0,0,13,6,6,0,1,5,12,12,0,NA,12,57,57,NA,NA,57,200,200,0,0,200,24,24,NA,NA,24,9,9,0,0,9,64,64,0,NA,64,64,64,0,0,64,15,15,NA,NA,15,5,5,0,0,5,16,14,2,0,16,35,32,3,0,35,15,14,1,NA,15
M2 [Deliveries],'2.1.1.b',Number of Home Deliveries attended by Non SBA (Trained Birth Attendant(TBA) /Relatives/etc.),TOTAL,3535,3427,108,15,3520,6,6,0,NA,6,160,160,0,NA,160,62,62,NA,9,53,47,46,1,0,47,126,126,0,NA,126,23,23,0,NA,23,2,2,NA,NA,2,1452,1435,17,0,1452,4,1,3,0,4,62,62,0,NA,62,0,0,0,0,0,9,9,0,NA,9,36,36,NA,NA,36,0,0,0,0,0,10,10,0,3,7,11,11,0,NA,11,142,142,NA,NA,142,402,402,0,0,402,73,73,NA,NA,73,8,8,0,0,8,128,128,0,NA,128,417,417,0,3,414,1,1,NA,NA,1,2,2,0,0,2,276,227,49,0,276,41,16,25,0,41,35,22,13,NA,35
M2 [Deliveries],'2.1.2',Number of PW given Tablet Misoprostol during home delivery,TOTAL,1418,1379,39,11,1407,2,2,0,NA,2,40,40,0,NA,40,10,10,NA,8,2,0,0,0,0,0,7,7,0,NA,7,22,22,0,NA,22,1,1,NA,NA,1,747,730,17,0,747,1,1,0,0,1,51,51,0,NA,51,29,29,0,3,26,4,4,0,NA,4,64,64,NA,NA,64,9,9,0,0,9,1,1,0,0,1,4,4,0,NA,4,80,80,NA,NA,80,163,163,0,0,163,2,2,NA,NA,2,8,8,0,0,8,66,66,0,NA,66,52,52,0,0,52,12,12,NA,NA,12,1,1,0,0,1,1,0,1,0,1,39,18,21,0,39,2,2,0,NA,2
M2 [Deliveries],'2.1.3',Number of newborns received 7 Home Based Newborn Care (HBNC) visits in case of Home delivery,TOTAL,5176,5033,143,29,5147,31,31,0,NA,31,553,552,1,NA,553,66,66,NA,12,54,130,130,0,0,130,107,107,0,NA,107,121,121,0,NA,121,6,6,NA,NA,6,1614,1603,11,0,1614,3,0,3,0,3,112,112,0,NA,112,134,112,22,9,125,37,37,0,NA,37,114,114,NA,NA,114,6,6,0,0,6,9,9,0,3,6,30,30,0,NA,30,197,197,NA,0,197,685,685,0,1,684,109,109,NA,NA,109,15,15,0,4,11,168,168,0,NA,168,411,411,0,0,411,23,23,NA,NA,23,7,7,0,0,7,359,289,70,NA,359,86,55,31,0,86,43,38,5,NA,43
M2 [Deliveries],'2.2',Number of Institutional Deliveries conducted (Including C-Sections),TOTAL,55183,46196,8987,5273,49910,860,851,9,NA,860,3347,3219,128,42,3305,1315,961,354,355,960,4834,3732,1102,461,4373,600,565,35,NA,600,1757,1673,84,NA,1757,1389,1335,54,NA,1389,2698,2628,70,23,2675,2434,1848,586,374,2060,229,225,4,NA,229,2386,2177,209,262,2124,1506,1214,292,NA,1506,1250,1250,NA,NA,1250,1525,1359,166,116,1409,3593,2491,1102,1196,2397,2012,1736,276,130,1882,1399,1399,NA,NA,1399,2378,1883,495,131,2247,1557,1440,117,NA,1557,1741,1496,245,196,1545,1666,1664,2,NA,1666,6027,4526,1501,1283,4744,1189,746,443,NA,1189,1384,1036,348,145,1239,3226,2576,650,216,3010,2101,1489,612,343,1758,780,677,103,NA,780
M2 [Deliveries],'2.2.1',Out of total institutional deliveries number of women discharged within 48 hours of delivery,TOTAL,16373,15378,995,248,16125,213,213,0,NA,213,1019,933,86,NA,1019,668,668,NA,0,668,988,874,114,18,970,100,98,2,NA,100,400,400,0,NA,400,630,630,NA,NA,630,1782,1768,14,0,1782,190,190,0,43,147,149,149,0,NA,149,793,773,20,20,773,230,192,38,NA,230,525,525,NA,NA,525,49,49,0,0,49,269,269,0,2,267,106,106,0,0,106,1044,1044,NA,NA,1044,1125,895,230,0,1125,331,331,NA,NA,331,1051,1000,51,3,1048,684,682,2,NA,684,2493,2342,151,151,2342,82,82,0,NA,82,41,31,10,4,37,742,641,101,0,742,183,85,98,7,176,486,408,78,NA,486
M2 [Deliveries],'2.2.2',Number of newborns received 6 HBNC  visits after Institutional Delivery,TOTAL,48651,47051,1600,1933,46718,1280,1280,0,NA,1280,2915,2902,13,NA,2915,1205,1205,NA,64,1141,3467,3434,33,165,3302,627,627,0,NA,627,1804,1800,4,NA,1804,1313,1313,NA,NA,1313,2586,2503,83,0,2586,1709,1419,290,103,1606,205,205,0,NA,205,1991,1980,11,110,1881,1259,1259,0,NA,1259,1337,1337,NA,NA,1337,1466,1464,2,101,1365,1243,1243,0,990,253,2663,2663,0,0,2663,1428,1428,NA,58,1370,2270,2270,0,57,2213,1302,1302,NA,NA,1302,1808,1752,56,49,1759,1585,1583,2,NA,1585,5196,5159,37,153,5043,1162,1162,NA,NA,1162,1429,1300,129,12,1417,2454,2055,399,0,2454,1805,1358,447,71,1734,1142,1048,94,NA,1142
M3 [Number of Caesarean (C-Section) deliveries],'3.1',Total C -Section deliveries performed,TOTAL,12492,6682,5810,4084,8408,17,17,0,NA,17,639,498,141,42,597,440,162,278,278,162,1271,654,617,415,856,97,78,19,NA,97,214,141,73,NA,214,316,264,52,NA,316,149,97,52,0,149,869,458,411,324,545,47,45,2,NA,47,404,222,182,182,222,310,169,141,NA,310,0,0,NA,NA,0,600,486,114,114,486,1698,1094,604,625,1073,424,223,201,107,317,117,117,NA,NA,117,365,99,266,122,243,328,229,99,NA,328,355,174,181,181,174,100,100,NA,NA,100,1584,336,1248,1134,450,458,106,352,NA,458,268,119,149,133,135,906,541,365,194,712,489,244,245,233,256,27,9,18,NA,27
M3 [Number of Caesarean (C-Section) deliveries],'3.1.1',"C-sections, performed at night (8 PM- 8 AM)",TOTAL,3334,1649,1685,1224,2110,0,0,0,NA,0,166,143,23,3,163,29,29,NA,NA,29,305,154,151,113,192,5,0,5,NA,5,59,42,17,NA,59,30,11,19,NA,30,22,12,10,0,22,417,208,209,195,222,19,19,0,NA,19,91,32,59,59,32,65,18,47,NA,65,0,0,NA,NA,0,219,177,42,42,177,589,389,200,200,389,43,9,34,13,30,10,10,NA,NA,10,93,20,73,15,78,34,2,32,NA,34,98,23,75,75,23,16,16,NA,NA,16,490,73,417,396,94,146,31,115,NA,146,46,7,39,35,11,277,202,75,39,238,60,18,42,39,21,5,4,1,NA,5
M4 [Pregnancy outcome & details of new-born],'4.1.1.a',Live Birth - Male,TOTAL,30157,25467,4690,2746,27411,463,459,4,NA,463,1948,1886,62,18,1930,704,523,181,188,516,2417,1855,562,232,2185,337,322,15,NA,337,873,824,49,NA,873,708,678,30,NA,708,2130,2079,51,14,2116,1010,739,271,173,837,184,182,2,NA,184,1267,1167,100,128,1139,759,610,149,NA,759,650,650,NA,NA,650,779,695,84,55,724,1824,1242,582,628,1196,1059,908,151,73,986,819,819,NA,NA,819,1494,1250,244,66,1428,889,822,67,NA,889,887,759,128,113,774,940,939,1,NA,940,3225,2427,798,682,2543,657,415,242,NA,657,731,559,172,72,659,1792,1439,353,116,1676,1161,828,333,188,973,450,391,59,NA,450
M4 [Pregnancy outcome & details of new-born],'4.1.1.b',Live Birth - Female,TOTAL,29149,24809,4340,2542,26607,407,402,5,NA,407,1819,1759,60,25,1794,679,508,171,180,499,2441,1903,538,229,2212,382,363,19,NA,382,897,863,34,NA,897,672,645,27,NA,672,2210,2179,31,9,2201,1402,1087,315,201,1201,139,137,2,NA,139,1159,1059,100,127,1032,737,595,142,NA,737,668,668,NA,NA,668,731,651,80,61,670,1696,1181,515,566,1130,960,836,124,57,903,759,759,NA,NA,759,1421,1178,243,66,1355,763,713,50,NA,763,856,739,117,96,760,898,897,1,NA,898,3186,2485,701,600,2586,536,337,199,NA,536,642,473,169,71,571,1705,1366,339,100,1605,1014,711,303,154,860,370,315,55,NA,370
M4 [Pregnancy outcome & details of new-born],'4.1.2',Number of Pre term newborns ( < 37 weeks of pregnancy),TOTAL,3181,2934,247,158,3023,27,27,0,NA,27,168,149,19,19,149,41,41,NA,NA,41,357,341,16,0,357,10,10,0,NA,10,173,164,9,NA,173,11,11,NA,NA,11,120,120,0,0,120,223,209,14,3,220,2,2,0,NA,2,71,68,3,3,68,35,34,1,NA,35,66,66,NA,NA,66,192,192,0,0,192,399,289,110,116,283,77,75,2,1,76,54,54,NA,NA,54,79,48,31,0,79,64,64,NA,NA,64,42,37,5,0,42,115,115,0,NA,115,260,245,15,13,247,48,38,10,NA,48,114,114,0,0,114,183,178,5,0,183,119,112,7,3,116,131,131,0,NA,131
M4 [Pregnancy outcome & details of new-born],'4.1.3',Still Birth,TOTAL,1239,1114,125,54,1185,27,27,0,NA,27,109,108,1,NA,109,21,12,9,9,12,138,129,9,0,138,18,17,1,NA,18,28,27,1,NA,28,28,28,NA,NA,28,102,92,10,0,102,60,57,3,0,60,4,4,0,NA,4,58,46,12,13,45,35,34,1,NA,35,23,23,NA,NA,23,31,29,2,0,31,93,86,7,8,85,21,18,3,0,21,23,23,NA,NA,23,80,66,14,0,80,22,22,0,NA,22,30,29,1,0,30,28,28,0,NA,28,123,104,19,19,104,15,11,4,NA,15,19,12,7,2,17,75,66,9,0,75,17,8,9,3,14,11,8,3,NA,11
M4 [Pregnancy outcome & details of new-born],'4.2',Abortion (spontaneous),TOTAL,1711,1642,69,94,1617,119,119,0,NA,119,97,79,18,18,79,19,19,NA,NA,19,61,47,14,0,61,7,7,0,NA,7,32,32,0,NA,32,12,12,NA,NA,12,78,78,0,0,78,41,40,1,0,41,34,34,0,NA,34,152,152,0,42,110,37,37,0,NA,37,109,109,NA,NA,109,35,35,0,2,33,74,67,7,7,67,97,95,2,2,95,53,53,NA,NA,53,35,35,0,0,35,37,37,NA,NA,37,33,31,2,0,33,85,85,0,NA,85,151,149,2,8,143,119,119,0,NA,119,46,31,15,13,33,66,65,1,0,66,16,12,4,2,14,66,63,3,NA,66
M4 [Pregnancy outcome & details of new-born],'4.3.1.a',MTP up to 12 weeks of pregnancy,TOTAL,6561,5867,694,439,6122,165,162,3,NA,165,235,235,0,NA,235,265,265,NA,NA,265,133,120,13,13,120,116,116,0,NA,116,615,522,93,NA,615,538,538,NA,NA,538,304,304,NA,16,288,223,219,4,0,223,29,29,0,NA,29,317,292,25,43,274,126,126,0,NA,126,55,55,NA,NA,55,196,188,8,8,188,189,144,45,69,120,344,303,41,39,305,184,184,NA,NA,184,39,30,9,9,30,273,273,NA,NA,273,399,399,0,0,399,98,98,NA,NA,98,568,406,162,162,406,261,85,176,NA,261,89,89,0,0,89,253,210,43,13,240,446,374,72,67,379,101,101,0,NA,101
M4 [Pregnancy outcome & details of new-born],'4.3.1.b',MTP more than 12 weeks of pregnancy,TOTAL,78,59,19,8,70,6,6,0,NA,6,6,6,0,NA,6,0,0,NA,NA,0,0,0,0,0,0,0,0,0,NA,0,5,2,3,NA,5,0,0,NA,NA,0,0,0,NA,0,0,26,26,0,0,26,0,0,0,NA,0,1,1,0,0,1,0,0,0,NA,0,0,0,NA,NA,0,0,0,0,0,0,8,0,8,8,0,0,0,0,0,0,0,0,NA,NA,0,0,0,0,0,0,0,0,NA,NA,0,7,7,0,0,7,0,0,NA,NA,0,9,9,0,0,9,9,1,8,NA,9,0,0,0,0,0,0,0,0,0,0,1,1,0,0,1,0,0,0,NA,0
M4 [Pregnancy outcome & details of new-born],'4.3.2.a',Post Abortion/ MTP Complications Identified,TOTAL,70,67,3,0,70,0,0,0,NA,0,2,2,0,NA,2,0,0,NA,NA,0,0,0,0,0,0,0,0,0,NA,0,6,6,0,NA,6,51,51,NA,NA,51,0,0,NA,0,0,0,0,0,0,0,0,0,0,NA,0,0,0,0,0,0,0,0,0,NA,0,0,0,NA,NA,0,0,0,0,0,0,0,0,0,0,0,0,0,0,0,0,0,0,NA,NA,0,0,0,0,0,0,0,0,NA,NA,0,0,0,0,0,0,0,0,NA,NA,0,0,0,0,0,0,9,6,3,NA,9,0,0,0,0,0,2,2,0,NA,2,0,0,0,0,0,0,0,0,NA,0
M4 [Pregnancy outcome & details of new-born],'4.3.2.b',Post Abortion/ MTP Complications Treated,TOTAL,145,141,4,0,145,0,0,0,NA,0,1,1,0,NA,1,0,0,NA,NA,0,0,0,0,0,0,0,0,0,NA,0,6,6,0,NA,6,33,33,NA,NA,33,0,0,NA,0,0,0,0,0,0,0,0,0,0,NA,0,0,0,0,0,0,0,0,0,NA,0,0,0,NA,NA,0,3,3,0,0,3,0,0,0,0,0,0,0,0,0,0,1,1,NA,NA,1,0,0,0,0,0,4,4,NA,NA,4,1,1,0,0,1,79,79,NA,NA,79,0,0,0,0,0,14,13,1,NA,14,0,0,0,0,0,1,0,1,NA,1,2,0,2,0,2,0,0,0,NA,0
M4 [Pregnancy outcome & details of new-born],'4.3.3',Number of women provided with post abortion/ MTP contraception,TOTAL,710,710,0,0,710,82,82,0,NA,82,85,85,0,NA,85,0,0,NA,NA,0,4,4,0,0,4,25,25,0,NA,25,22,22,0,NA,22,160,160,NA,NA,160,0,0,NA,0,0,0,0,0,0,0,0,0,0,NA,0,21,21,0,0,21,47,47,0,NA,47,0,0,NA,NA,0,0,0,0,0,0,15,15,0,0,15,49,49,0,0,49,0,0,NA,NA,0,0,0,0,0,0,109,109,NA,NA,109,11,11,0,0,11,0,0,NA,NA,0,42,42,0,0,42,19,19,0,NA,19,0,0,0,0,0,1,1,0,NA,1,0,0,0,0,0,18,18,0,NA,18
M4 [Pregnancy outcome & details of new-born],'4.4.1',Number of newborns weighed at birth,TOTAL,57409,48453,8956,5270,52139,872,863,9,NA,872,3745,3644,101,43,3702,1383,1031,352,368,1015,4858,3758,1100,461,4397,719,685,34,NA,719,1755,1672,83,NA,1755,1341,1322,19,NA,1341,4340,4258,82,23,4317,2412,1826,586,374,2038,323,319,4,NA,323,2426,2226,200,255,2171,1498,1207,291,NA,1498,1318,1318,NA,NA,1318,1513,1351,162,114,1399,3344,2247,1097,1195,2149,2019,1744,275,130,1889,1357,1357,NA,NA,1357,2915,2428,487,132,2783,1102,985,117,NA,1102,1731,1486,245,197,1534,1838,1836,2,NA,1838,6391,4892,1499,1279,5112,1191,750,441,NA,1191,1368,1030,338,143,1225,2660,1973,687,216,2444,2172,1538,634,340,1832,818,707,111,NA,818
M4 [Pregnancy outcome & details of new-born],'4.4.2',Number of newborns having weight less than 2.5 kg,TOTAL,8605,7298,1307,764,7841,116,116,0,NA,116,601,579,22,10,591,183,183,NA,NA,183,909,772,137,30,879,111,111,0,NA,111,214,204,10,NA,214,137,137,NA,NA,137,581,567,14,0,581,621,534,87,53,568,14,14,0,NA,14,307,265,42,44,263,181,156,25,NA,181,97,97,NA,NA,97,213,210,3,3,210,718,678,40,43,675,307,195,112,86,221,84,84,NA,NA,84,424,366,58,11,413,146,146,0,NA,146,245,196,49,38,207,278,278,0,NA,278,966,559,407,376,590,143,64,79,NA,143,275,233,42,23,252,303,218,85,10,293,312,233,79,37,275,119,103,16,NA,119
M4 [Pregnancy outcome & details of new-born],'4.4.3',Number of Newborns breast fed within 1 hour of birth ,TOTAL,56783,48578,8205,4648,52135,870,861,9,NA,870,3733,3619,114,35,3698,1370,1018,352,368,1002,4838,3738,1100,461,4377,719,685,34,NA,719,1739,1656,83,NA,1739,1347,1328,19,NA,1347,4286,4204,82,23,4263,2376,1791,585,370,2006,323,319,4,NA,323,2426,2226,200,255,2171,1456,1165,291,NA,1456,1316,1316,NA,NA,1316,1475,1322,153,105,1370,3385,2288,1097,1191,2194,2016,1741,275,130,1886,1559,1559,NA,NA,1559,2842,2383,459,117,2725,1499,1499,NA,NA,1499,1499,1400,99,52,1447,1813,1811,2,NA,1813,5999,4808,1191,974,5025,1163,751,412,NA,1163,1290,965,325,130,1160,2521,1950,571,95,2426,2117,1483,634,342,1775,806,692,114,NA,806
M5 [Complicated Pregnancies],'5.1',"Number of cases of pregnant women with Obstetric Complications attended (Antepartum haemorrhage (APH), Post-Partum Hemorrhage (PPH), Sepsis, Eclampsia and others)",TOTAL,5944,4816,1128,889,5055,11,11,0,NA,11,106,106,0,NA,106,296,18,278,278,18,743,696,47,0,743,2,0,2,NA,2,564,564,0,NA,564,76,76,NA,NA,76,137,137,NA,0,137,933,618,315,313,620,45,45,0,NA,45,161,151,10,10,151,67,67,0,NA,67,94,94,NA,NA,94,281,230,51,45,236,529,466,63,84,445,121,113,8,0,121,54,54,NA,NA,54,594,387,207,118,476,21,21,NA,NA,21,41,41,0,0,41,221,221,0,NA,221,419,401,18,16,403,113,60,53,NA,113,55,55,0,0,55,54,13,41,NA,54,151,116,35,25,126,55,55,0,NA,55
M5 [Complicated Pregnancies],'5.2',Number of Complicated pregnancies treated with Blood Transfusion,TOTAL,2212,2212,0,0,2212,0,0,NA,NA,0,224,224,NA,NA,224,13,13,NA,NA,13,335,335,0,0,335,0,0,0,NA,0,103,103,0,NA,103,0,0,NA,NA,0,102,102,NA,NA,102,302,302,0,NA,302,42,42,NA,NA,42,71,71,0,0,71,8,8,0,NA,8,29,29,NA,NA,29,61,61,0,0,61,567,567,NA,0,567,24,24,0,0,24,5,5,NA,NA,5,16,16,0,0,16,45,45,NA,NA,45,56,56,0,0,56,52,52,NA,NA,52,56,56,0,0,56,45,45,NA,NA,45,7,7,0,NA,7,0,0,0,NA,0,49,49,0,0,49,0,0,NA,NA,0
M6 [Post Natal Care (PNC)],'6.1',Women receiving 1st post partum checkup within 48 hours of home delivery,TOTAL,5641,5488,153,22,5619,31,31,0,NA,31,661,661,0,NA,661,70,70,NA,15,55,118,117,1,0,118,117,117,0,NA,117,28,28,0,NA,28,102,102,NA,NA,102,1690,1673,17,0,1690,5,2,3,0,5,79,79,0,NA,79,83,83,0,3,80,17,17,0,NA,17,113,113,NA,NA,113,13,13,0,0,13,14,14,0,1,13,23,23,0,0,23,196,196,NA,0,196,560,560,0,0,560,96,96,NA,NA,96,15,15,0,0,15,522,522,0,NA,522,430,430,0,3,427,15,15,0,NA,15,7,7,0,0,7,360,279,81,0,360,71,45,26,0,71,205,180,25,NA,205
M6 [Post Natal Care (PNC)],'6.2',Women receiving 1st post partum checkup between 48 hours and 14 days,TOTAL,51836,47567,4269,2786,49050,1430,1430,0,NA,1430,3383,3331,52,NA,3383,636,636,NA,34,602,2831,2607,224,0,2831,672,642,30,NA,672,1661,1659,2,NA,1661,1391,1391,NA,NA,1391,3030,2999,31,0,3030,2784,2059,725,493,2291,95,95,0,NA,95,1706,1702,4,76,1630,1177,1164,13,NA,1177,1210,1210,NA,NA,1210,2237,2235,2,57,2180,1591,631,960,1325,266,2058,2058,0,0,2058,1429,1429,NA,16,1413,2183,2090,93,0,2183,1061,1061,NA,NA,1061,2695,2593,102,9,2686,2346,2344,2,NA,2346,4996,4777,219,275,4721,1778,1351,427,NA,1778,1876,1712,164,14,1862,1997,1505,492,143,1854,2600,1980,620,344,2256,983,876,107,NA,983
M6 [Post Natal Care (PNC)],'6.3',Number of mothers provided full course of 180 IFA tablets after delivery,TOTAL,62223,59174,3049,2438,59785,1442,1442,0,NA,1442,3690,3584,106,42,3648,1492,1492,NA,77,1415,3307,3078,229,0,3307,735,705,30,NA,735,2571,2566,5,NA,2571,1214,1214,NA,NA,1214,4351,4263,88,0,4351,3147,2506,641,519,2628,163,163,0,NA,163,3049,2936,113,140,2909,1357,1346,11,NA,1357,1674,1674,NA,NA,1674,2587,2584,3,101,2486,3398,3138,260,797,2601,2907,2837,70,0,2907,1219,1219,NA,16,1203,3092,3092,0,0,3092,1548,1548,NA,NA,1548,1806,1750,56,67,1739,1811,1809,2,NA,1811,6360,6320,40,155,6205,1558,1442,116,NA,1558,1807,1627,180,49,1758,2137,1699,438,163,1974,2710,2109,601,312,2398,1091,1031,60,NA,1091
M6 [Post Natal Care (PNC)],'6.4',Number of mothers provided 360 Calcium tablets after delivery,TOTAL,60474,57505,2969,2466,58008,1449,1449,0,NA,1449,3552,3447,105,42,3510,1478,1478,NA,77,1401,3284,3055,229,0,3284,664,634,30,NA,664,2555,2550,5,NA,2555,1202,1202,NA,NA,1202,4320,4232,88,0,4320,2995,2365,630,487,2508,169,169,0,NA,169,2996,2883,113,140,2856,1350,1339,11,NA,1350,1650,1650,NA,NA,1650,2918,2915,3,101,2817,3397,3137,260,797,2600,2772,2702,70,0,2772,1156,1156,NA,15,1141,3072,3072,0,62,3010,1504,1504,NA,NA,1504,1620,1564,56,67,1553,1817,1815,2,NA,1817,5928,5890,38,155,5773,1530,1414,116,NA,1530,1824,1674,150,49,1775,1594,1184,410,163,1431,2660,2072,588,311,2349,1018,953,65,NA,1018
M7 [Reproductive Tract Infections/Sexually Transmitted Infections (RTI/STI) Cases],'7.1.1',New RTI/STI cases identified - Male,TOTAL,980,966,14,0,980,1,1,0,NA,1,5,5,0,NA,5,15,15,NA,NA,15,27,27,0,0,27,22,22,0,NA,22,32,32,0,NA,32,68,68,NA,NA,68,23,23,NA,0,23,0,0,0,0,0,11,0,11,NA,11,0,0,0,0,0,60,60,0,NA,60,123,123,NA,NA,123,51,51,0,0,51,124,124,0,0,124,20,20,0,0,20,0,0,NA,NA,0,0,0,0,0,0,53,53,NA,NA,53,100,100,0,0,100,19,19,0,NA,19,26,26,0,0,26,74,74,NA,NA,74,19,19,0,0,19,52,49,3,0,52,43,43,0,0,43,12,12,0,NA,12
M7 [Reproductive Tract Infections/Sexually Transmitted Infections (RTI/STI) Cases],'7.1.2',New RTI/STI cases identified - Female,TOTAL,2347,2294,53,3,2344,14,14,0,NA,14,20,5,15,NA,20,25,25,NA,NA,25,147,147,0,0,147,71,71,0,NA,71,44,44,0,NA,44,164,164,NA,NA,164,180,180,NA,0,180,8,8,0,0,8,11,0,11,NA,11,0,0,0,0,0,129,129,0,NA,129,275,275,NA,NA,275,61,61,0,0,61,137,137,0,3,134,64,64,0,0,64,0,0,NA,NA,0,1,1,0,0,1,128,128,NA,NA,128,194,194,0,0,194,95,95,0,NA,95,108,108,0,0,108,134,134,NA,NA,134,28,28,0,0,28,120,93,27,0,120,154,154,0,0,154,35,35,0,NA,35
M7 [Reproductive Tract Infections/Sexually Transmitted Infections (RTI/STI) Cases],'7.2.1',RTI/STI for which treatment initiated - Male,TOTAL,880,879,1,0,880,1,1,0,NA,1,0,0,0,NA,0,15,15,NA,NA,15,27,27,0,0,27,22,22,0,NA,22,25,25,0,NA,25,77,77,NA,NA,77,23,23,NA,0,23,0,0,0,0,0,0,0,0,NA,0,0,0,0,0,0,50,50,0,NA,50,120,120,NA,NA,120,50,50,0,0,50,95,95,0,0,95,20,20,0,0,20,0,0,NA,NA,0,0,0,0,0,0,20,20,NA,NA,20,100,100,0,0,100,19,19,0,NA,19,26,26,0,0,26,74,74,NA,NA,74,17,17,0,0,17,49,49,0,0,49,38,37,1,0,38,12,12,0,NA,12
M7 [Reproductive Tract Infections/Sexually Transmitted Infections (RTI/STI) Cases],'7.2.2',RTI/STI for which treatment initiated -Female,TOTAL,2162,2145,17,3,2159,14,14,0,NA,14,17,2,15,NA,17,25,25,NA,NA,25,147,147,0,0,147,71,71,0,NA,71,34,34,0,NA,34,168,168,NA,NA,168,180,180,NA,0,180,8,8,0,0,8,0,0,0,NA,0,0,0,0,0,0,119,119,0,NA,119,252,252,NA,NA,252,50,50,0,0,50,118,118,0,3,115,64,64,0,0,64,0,0,NA,NA,0,0,0,0,0,0,90,90,NA,NA,90,194,194,0,0,194,95,95,0,NA,95,108,108,0,0,108,134,134,NA,NA,134,26,26,0,0,26,95,93,2,0,95,120,120,0,0,120,33,33,0,NA,33
M8 [Family Planning],'8.1.1',Number of Non Scalpel Vasectomy (NSV) / Conventional Vasectomy conducted,TOTAL,836,829,7,37,799,29,29,0,NA,29,148,142,6,NA,148,2,2,NA,1,1,97,96,1,23,74,0,0,0,NA,0,11,11,0,NA,11,26,26,NA,NA,26,11,11,NA,0,11,41,41,0,0,41,0,0,0,NA,0,10,10,0,5,5,19,19,0,NA,19,70,70,NA,NA,70,51,51,0,0,51,10,10,0,8,2,50,50,0,0,50,10,10,NA,NA,10,18,18,0,0,18,6,6,NA,NA,6,18,18,0,0,18,8,8,0,NA,8,25,25,0,0,25,19,19,0,NA,19,0,0,0,0,0,43,43,0,NA,43,114,114,0,0,114,0,0,0,NA,0
M8 [Family Planning],'8.2.1',Number of Laparoscopic sterilizations (excluding post abortion) conducted,TOTAL,288,286,2,75,213,0,0,0,NA,0,0,0,0,NA,0,0,0,NA,NA,0,48,48,0,0,48,0,0,0,NA,0,28,28,0,NA,28,0,0,NA,NA,0,0,0,NA,0,0,1,1,0,0,1,0,0,0,NA,0,5,5,0,5,0,0,0,0,NA,0,23,23,NA,NA,23,0,0,0,0,0,79,77,2,70,9,0,0,0,0,0,0,0,NA,NA,0,2,2,0,0,2,0,0,NA,NA,0,0,0,0,0,0,0,0,0,NA,0,30,30,0,0,30,34,34,0,NA,34,0,0,0,0,0,28,28,0,NA,28,10,10,0,0,10,0,0,0,NA,0
M8 [Family Planning],'8.2.2',Number of Interval Mini-lap (other than post-partum and post abortion) sterilizations conducted,TOTAL,41,39,2,2,39,0,0,0,NA,0,2,2,0,NA,2,0,0,NA,NA,0,0,0,0,0,0,0,0,0,NA,0,0,0,0,NA,0,1,1,NA,NA,1,0,0,NA,0,0,9,9,0,0,9,0,0,0,NA,0,0,0,0,0,0,1,1,0,NA,1,0,0,NA,NA,0,0,0,0,0,0,18,16,2,2,16,4,4,0,0,4,0,0,NA,NA,0,0,0,0,0,0,0,0,NA,NA,0,0,0,0,0,0,0,0,0,NA,0,2,2,0,0,2,1,1,0,NA,1,0,0,0,0,0,0,0,0,NA,0,3,3,0,0,3,0,0,0,NA,0
M8 [Family Planning],'8.2.3',Number of Postpartum sterilizations (within 7 days of delivery by minilap or concurrent with caesarean section) conducted,TOTAL,1348,1122,226,129,1219,3,3,0,NA,3,93,88,5,5,88,56,31,25,25,31,149,131,18,0,149,9,9,0,NA,9,28,28,0,NA,28,45,45,NA,NA,45,21,21,NA,0,21,52,52,0,0,52,0,0,0,NA,0,52,31,21,21,31,40,36,4,NA,40,0,0,NA,NA,0,62,62,0,0,62,237,227,10,12,225,44,44,0,0,44,11,11,NA,NA,11,43,16,27,8,35,22,22,NA,NA,22,50,50,0,0,50,13,13,0,NA,13,98,40,58,58,40,58,6,52,NA,58,38,38,0,0,38,43,42,1,NA,43,77,76,1,0,77,4,0,4,NA,4
M8 [Family Planning],'8.2.4',Number of Post Abortion sterilizations (within 7 days of spontaneous or surgical abortion) conducted,TOTAL,31,26,5,5,26,0,0,0,NA,0,0,0,0,NA,0,0,0,NA,NA,0,14,14,0,0,14,0,0,0,NA,0,0,0,0,NA,0,0,0,NA,NA,0,0,0,NA,0,0,2,2,0,0,2,0,0,0,NA,0,0,0,0,0,0,0,0,0,NA,0,0,0,NA,NA,0,2,2,0,0,2,6,6,0,0,6,0,0,0,0,0,0,0,NA,NA,0,0,0,0,0,0,0,0,NA,NA,0,0,0,0,0,0,0,0,0,NA,0,5,0,5,5,0,1,1,0,NA,1,0,0,0,0,0,0,0,0,NA,0,1,1,0,0,1,0,0,0,NA,0
M8 [Family Planning],'8.3',Number of Interval IUCD Insertions (excluding PPIUCD and PAIUCD),TOTAL,2935,2903,32,38,2897,46,46,0,NA,46,247,247,0,NA,247,194,194,NA,9,185,90,90,0,0,90,71,70,1,NA,71,142,142,0,NA,142,107,107,NA,NA,107,314,303,11,7,307,58,58,0,1,57,5,5,0,NA,5,121,121,0,1,120,31,31,0,NA,31,343,343,NA,NA,343,68,68,0,0,68,25,21,4,14,11,157,157,0,0,157,102,102,NA,NA,102,93,92,1,2,91,73,73,NA,NA,73,47,47,0,0,47,108,108,0,NA,108,185,185,0,0,185,81,73,8,NA,81,56,51,5,4,52,17,15,2,NA,17,88,88,0,0,88,66,66,0,NA,66
M8 [Family Planning],'8.4',Number of Postpartum (within 48 hours of delivery) IUCD insertions,TOTAL,9211,9208,3,47,9164,232,231,1,NA,232,705,705,0,NA,705,177,177,NA,NA,177,352,352,0,0,352,91,91,0,NA,91,916,916,0,NA,916,384,384,NA,NA,384,217,217,0,1,216,568,568,0,33,535,38,38,0,NA,38,208,208,0,9,199,550,550,0,NA,550,324,324,NA,NA,324,129,129,0,0,129,983,983,0,4,979,304,304,0,0,304,110,110,NA,NA,110,237,237,0,0,237,153,153,NA,NA,153,253,253,0,0,253,188,188,0,NA,188,928,928,0,0,928,236,234,2,NA,236,333,333,0,0,333,156,156,0,NA,156,380,380,0,0,380,59,59,0,NA,59
M8 [Family Planning],'8.5',Number of Post Abortion (within 12 days of spontaneous or surgical abortion) IUCD insertions,TOTAL,1294,1292,2,14,1280,42,40,2,NA,42,67,67,0,NA,67,74,74,NA,NA,74,18,18,0,0,18,39,39,0,NA,39,117,117,0,NA,117,63,63,NA,NA,63,34,34,NA,1,33,48,48,0,0,48,0,0,0,NA,0,88,88,0,12,76,34,34,0,NA,34,23,23,NA,NA,23,13,13,0,0,13,10,10,0,1,9,43,43,0,0,43,79,79,NA,NA,79,13,13,0,0,13,79,79,NA,NA,79,51,51,0,0,51,9,9,0,NA,9,92,92,0,0,92,126,126,0,NA,126,16,16,0,0,16,15,15,0,NA,15,100,100,0,0,100,1,1,0,NA,1
M8 [Family Planning],'8.6',Number of IUCD Removals,TOTAL,1098,1085,13,36,1062,48,48,0,NA,48,33,31,2,2,31,14,14,NA,NA,14,22,22,0,0,22,41,41,0,NA,41,51,51,0,NA,51,49,49,NA,NA,49,48,48,0,0,48,35,34,1,15,20,12,12,0,NA,12,38,38,0,1,37,82,82,0,NA,82,46,46,NA,NA,46,28,28,0,0,28,70,68,2,18,52,54,54,0,0,54,31,31,NA,NA,31,45,45,0,0,45,57,57,NA,NA,57,23,23,0,0,23,40,40,0,NA,40,52,52,0,0,52,28,21,7,NA,28,32,32,0,0,32,19,19,0,NA,19,50,49,1,0,50,50,50,0,NA,50
M8 [Family Planning],'8.7',Number of complications following IUCD Insertion,TOTAL,120,120,0,0,120,2,2,0,NA,2,4,4,0,NA,4,2,2,NA,NA,2,0,0,0,0,0,17,17,0,NA,17,9,9,0,NA,9,10,10,NA,NA,10,5,5,0,0,5,3,3,0,0,3,2,2,0,NA,2,9,9,0,0,9,0,0,0,NA,0,5,5,NA,NA,5,2,2,0,0,2,1,1,0,0,1,1,1,0,0,1,3,3,NA,NA,3,2,2,0,0,2,4,4,NA,NA,4,1,1,0,0,1,3,3,0,NA,3,19,19,0,0,19,7,7,0,NA,7,0,0,0,0,0,0,0,0,NA,0,2,2,0,0,2,7,7,0,NA,7
M8 [Family Planning],'8.8',Injectable Contraceptive-Antara Program- First Dose,TOTAL,1723,1705,18,51,1672,27,27,0,NA,27,87,87,0,NA,87,78,78,NA,6,72,55,55,0,1,54,35,35,0,NA,35,48,48,0,NA,48,66,66,NA,NA,66,315,298,17,16,299,12,12,0,5,7,0,0,0,NA,0,8,8,0,0,8,35,35,0,NA,35,304,304,NA,NA,304,44,44,0,4,40,59,59,0,6,53,52,52,0,0,52,33,33,NA,NA,33,91,91,0,5,86,145,145,NA,NA,145,11,10,1,0,11,6,6,0,NA,6,26,26,0,0,26,49,49,NA,NA,49,41,41,0,8,33,13,13,0,NA,13,41,41,0,0,41,42,42,0,NA,42
M8 [Family Planning],'8.9',Injectable Contraceptive-Antara Program- Second Dose,TOTAL,1679,1676,3,45,1634,30,30,0,NA,30,92,92,0,NA,92,90,90,NA,8,82,57,57,0,5,52,26,26,0,NA,26,47,47,0,NA,47,73,73,NA,NA,73,224,222,2,7,217,61,61,0,0,61,0,0,0,NA,0,13,13,0,0,13,36,36,0,NA,36,260,260,NA,NA,260,41,41,0,6,35,34,34,0,6,28,133,133,0,0,133,62,62,NA,NA,62,79,79,0,3,76,32,32,NA,NA,32,27,27,0,0,27,49,49,0,NA,49,33,33,0,0,33,45,45,NA,NA,45,31,31,0,10,21,26,25,1,NA,26,24,24,0,0,24,54,54,0,NA,54
M8 [Family Planning],'8.10',Injectable Contraceptive-Antara Program- Third Dose,TOTAL,664,654,10,20,644,3,3,0,NA,3,23,23,0,NA,23,35,35,NA,3,32,14,14,0,1,13,6,6,0,NA,6,8,8,0,NA,8,36,36,NA,NA,36,103,98,5,5,98,5,5,0,1,4,0,0,0,NA,0,8,8,0,0,8,16,16,0,NA,16,148,148,NA,NA,148,6,6,0,3,3,16,16,0,6,10,37,37,0,0,37,8,8,NA,NA,8,62,62,0,1,61,11,11,NA,NA,11,11,11,0,0,11,35,35,0,NA,35,13,13,0,0,13,5,5,NA,NA,5,12,12,0,0,12,14,9,5,NA,14,20,20,0,0,20,9,9,0,NA,9
M8 [Family Planning],'8.11',Injectable Contraceptive-Antara Program- Fourth or more than fourth,TOTAL,526,522,4,12,514,1,1,0,NA,1,14,14,0,NA,14,23,23,NA,2,21,3,3,0,0,3,6,6,0,NA,6,12,12,0,NA,12,16,16,NA,NA,16,108,104,4,5,103,6,6,0,4,2,0,0,0,NA,0,0,0,0,0,0,13,13,0,NA,13,168,168,NA,NA,168,5,5,0,0,5,26,26,0,1,25,10,10,0,0,10,11,11,NA,NA,11,18,18,0,0,18,10,10,NA,NA,10,1,1,0,0,1,23,23,0,NA,23,9,9,0,0,9,2,2,NA,NA,2,14,14,0,0,14,15,15,0,NA,15,4,4,0,0,4,8,8,0,NA,8
M8 [Family Planning],'8.12',Number of Combined Oral Pill cycles distributed,TOTAL,179252,173019,6233,5410,173842,5315,5315,0,NA,5315,11919,11605,314,NA,11919,6245,6242,3,618,5627,5644,5609,35,218,5426,2607,2607,0,NA,2607,6560,6534,26,NA,6560,5819,5819,NA,NA,5819,19153,18119,1034,230,18923,5449,4611,838,259,5190,716,716,0,NA,716,10654,10470,184,692,9962,5770,5680,90,NA,5770,4397,4397,NA,NA,4397,3018,3018,0,292,2726,3471,3471,0,1979,1492,12672,12672,0,0,12672,5289,5289,NA,254,5035,5995,5995,0,192,5803,9574,9574,NA,NA,9574,7759,7480,279,143,7616,4447,4433,14,NA,4447,8090,8047,43,275,7815,7603,7603,NA,NA,7603,5773,4906,867,58,5715,6499,5416,1083,NA,6499,5737,4611,1126,200,5537,3077,2780,297,NA,3077
M8 [Family Planning],'8.13',Number of Condom pieces distributed,TOTAL,423916,415600,8316,15512,408404,9237,9237,0,NA,9237,20067,18862,1205,NA,20067,13578,13378,200,793,12785,21595,21390,205,970,20625,4396,4396,0,NA,4396,16916,16886,30,NA,16916,7308,7308,NA,NA,7308,31406,30843,563,1360,30046,14819,12597,2222,614,14205,1979,1979,0,NA,1979,24636,24456,180,1295,23341,12184,12144,40,NA,12184,25819,25819,NA,NA,25819,12184,12184,0,314,11870,10815,10815,0,5291,5524,33595,33595,0,0,33595,28231,28231,NA,3346,24885,18214,18214,0,63,18151,13329,13329,NA,NA,13329,11784,11363,421,1012,10772,8493,8487,6,NA,8493,18865,18647,218,214,18651,20100,20100,NA,NA,20100,17457,16545,912,70,17387,12831,11861,970,NA,12831,10651,9773,878,170,10481,3427,3161,266,NA,3427
M8 [Family Planning],'8.14',Number of Centchroman (weekly) pill strips distributed,TOTAL,7278,7230,48,200,7078,105,105,0,NA,105,562,562,0,NA,562,104,104,NA,5,99,241,241,0,0,241,51,51,0,NA,51,260,260,0,NA,260,132,132,NA,NA,132,1995,1992,3,0,1995,123,121,2,10,113,0,0,0,NA,0,266,266,0,120,146,332,332,0,NA,332,242,242,NA,NA,242,47,47,0,33,14,5,5,0,0,5,196,196,0,0,196,140,140,NA,4,136,311,311,0,0,311,224,224,NA,NA,224,109,109,0,0,109,67,67,0,NA,67,684,684,0,28,656,293,293,NA,NA,293,146,146,0,0,146,139,130,9,NA,139,410,384,26,0,410,94,86,8,NA,94
M8 [Family Planning],'8.15',Number of Emergency Contraceptive Pills (ECP) given,TOTAL,4972,4921,51,320,4652,62,62,0,NA,62,224,224,0,NA,224,84,84,NA,3,81,124,124,0,24,100,49,49,0,NA,49,71,71,0,NA,71,56,56,NA,NA,56,616,614,2,36,580,80,65,15,0,80,15,15,0,NA,15,291,291,0,27,264,87,87,0,NA,87,393,393,NA,NA,393,41,41,0,0,41,225,225,0,198,27,283,283,0,0,283,133,133,NA,1,132,1172,1172,0,27,1145,137,137,NA,NA,137,85,85,0,2,83,67,67,0,NA,67,221,221,0,2,219,74,74,NA,NA,74,14,14,0,0,14,79,77,2,NA,79,267,235,32,0,267,22,22,0,NA,22
M8 [Family Planning],'8.16',Number of Pregnancy Test Kits (PTK) used,TOTAL,29211,28472,739,1189,28022,758,758,0,NA,758,1143,1109,34,5,1138,762,762,NA,108,654,1774,1708,66,140,1634,404,404,0,NA,404,797,791,6,NA,797,880,880,NA,NA,880,2687,2627,60,9,2678,1136,1039,97,102,1034,270,270,0,NA,270,1168,1109,59,91,1077,1049,1043,6,NA,1049,1287,1287,NA,NA,1287,682,682,0,92,590,1175,1175,0,559,616,873,873,0,0,873,1079,1079,NA,27,1052,2521,2521,0,0,2521,939,939,NA,NA,939,855,841,14,0,855,587,587,0,NA,587,2356,2344,12,16,2340,602,602,NA,NA,602,770,720,50,28,742,1058,970,88,NA,1058,1003,779,224,12,991,596,573,23,NA,596
M8 [Family Planning],'8.17.1',Complications following male sterilization,TOTAL,6,6,0,0,6,0,0,0,NA,0,1,1,0,NA,1,0,0,NA,NA,0,0,0,0,0,0,0,0,0,NA,0,1,1,0,NA,1,0,0,NA,NA,0,0,0,0,0,0,0,0,0,0,0,0,0,0,NA,0,0,0,0,0,0,0,0,0,NA,0,0,0,NA,NA,0,0,0,0,0,0,0,0,0,0,0,0,0,0,0,0,0,0,NA,NA,0,0,0,0,0,0,0,0,NA,NA,0,0,0,0,0,0,0,0,0,NA,0,3,3,0,0,3,1,1,0,NA,1,0,0,0,0,0,0,0,0,NA,0,0,0,0,0,0,0,0,0,NA,0
M8 [Family Planning],'8.17.2',Complications following female sterilization,TOTAL,5,1,4,4,1,0,0,0,NA,0,0,0,0,NA,0,0,0,NA,NA,0,0,0,0,0,0,0,0,0,NA,0,0,0,0,NA,0,0,0,NA,NA,0,0,0,0,0,0,0,0,0,0,0,0,0,0,NA,0,4,0,4,4,0,0,0,0,NA,0,0,0,NA,NA,0,0,0,0,0,0,0,0,0,0,0,0,0,0,0,0,0,0,NA,NA,0,0,0,0,0,0,0,0,NA,NA,0,0,0,0,0,0,0,0,0,NA,0,0,0,0,0,0,1,1,0,NA,1,0,0,0,0,0,0,0,0,NA,0,0,0,0,0,0,0,0,0,NA,0
M8 [Family Planning],'8.17.3',Failures following male sterilization,TOTAL,1,1,0,0,1,0,0,0,NA,0,0,0,0,NA,0,0,0,NA,NA,0,0,0,0,0,0,0,0,0,NA,0,0,0,0,NA,0,0,0,NA,NA,0,0,0,NA,0,0,0,0,0,0,0,0,0,0,NA,0,0,0,0,0,0,0,0,0,NA,0,0,0,NA,NA,0,0,0,0,0,0,0,0,0,0,0,0,0,0,0,0,0,0,NA,NA,0,0,0,0,0,0,0,0,NA,NA,0,0,0,0,0,0,0,0,0,NA,0,0,0,0,0,0,1,1,0,NA,1,0,0,0,0,0,0,0,0,NA,0,0,0,0,0,0,0,0,0,NA,0
M8 [Family Planning],'8.17.4',Failures following female sterilization,TOTAL,1,1,0,0,1,0,0,0,NA,0,0,0,0,NA,0,0,0,NA,NA,0,0,0,0,0,0,0,0,0,NA,0,0,0,0,NA,0,0,0,NA,NA,0,0,0,NA,0,0,0,0,0,0,0,0,0,0,NA,0,0,0,0,0,0,0,0,0,NA,0,0,0,NA,NA,0,0,0,0,0,0,0,0,0,0,0,0,0,0,0,0,0,0,NA,NA,0,0,0,0,0,0,0,0,NA,NA,0,0,0,0,0,0,0,0,0,NA,0,0,0,0,0,0,1,1,0,NA,1,0,0,0,0,0,0,0,0,NA,0,0,0,0,0,0,0,0,0,NA,0
M8 [Family Planning],'8.17.5',Deaths following male sterilization,TOTAL,1,1,0,0,1,0,0,0,NA,0,0,0,0,NA,0,0,0,NA,NA,0,0,0,0,0,0,0,0,0,NA,0,0,0,0,NA,0,0,0,NA,NA,0,0,0,NA,0,0,0,0,0,0,0,0,0,0,NA,0,0,0,0,0,0,0,0,0,NA,0,0,0,NA,NA,0,0,0,0,0,0,0,0,0,0,0,0,0,0,0,0,0,0,NA,NA,0,0,0,0,0,0,0,0,NA,NA,0,0,0,0,0,0,0,0,0,NA,0,0,0,0,0,0,1,1,0,NA,1,0,0,0,0,0,0,0,0,NA,0,0,0,0,0,0,0,0,0,NA,0
M8 [Family Planning],'8.17.6',Deaths following female sterilization,TOTAL,1,1,0,0,1,0,0,0,NA,0,0,0,0,NA,0,0,0,NA,NA,0,0,0,0,0,0,0,0,0,NA,0,0,0,0,NA,0,0,0,NA,NA,0,0,0,NA,0,0,0,0,0,0,0,0,0,0,NA,0,0,0,0,0,0,0,0,0,NA,0,0,0,NA,NA,0,0,0,0,0,0,0,0,0,0,0,0,0,0,0,0,0,0,NA,NA,0,0,0,0,0,0,0,0,NA,NA,0,0,0,0,0,0,0,0,0,NA,0,0,0,0,0,0,1,1,0,NA,1,0,0,0,0,0,0,0,0,NA,0,0,0,0,0,0,0,0,0,NA,0
M9 [CHILD IMMUNISATION],'9.1.1',Child immunisation - Vitamin K1 (Birth Dose),TOTAL,44241,39349,4892,3098,41143,797,797,0,NA,797,2862,2862,0,NA,2862,1250,898,352,353,897,4604,3579,1025,461,4143,411,411,0,NA,411,1340,1328,12,NA,1340,1185,1185,NA,NA,1185,1922,1860,62,0,1922,2208,1776,432,374,1834,200,200,0,NA,200,2200,2112,88,140,2060,1196,1120,76,NA,1196,1224,1224,NA,NA,1224,1370,1341,29,16,1354,3466,2373,1093,1185,2281,1464,1464,0,0,1464,1235,1235,NA,0,1235,2081,1811,270,0,2081,1139,1139,NA,NA,1139,1261,1246,15,0,1261,1124,1122,2,NA,1124,4512,3974,538,366,4146,1168,728,440,NA,1168,934,934,0,0,934,1281,1068,213,63,1218,1269,1046,223,140,1129,538,516,22,NA,538
M9 [CHILD IMMUNISATION],'9.1.2',Child immunisation - BCG,TOTAL,63641,58303,5338,3949,59692,1224,1221,3,NA,1224,4249,4158,91,NA,4249,1276,1236,40,102,1174,5181,4249,932,517,4664,807,806,1,NA,807,1900,1836,64,NA,1900,1293,1293,NA,NA,1293,4855,4774,81,39,4816,2026,1644,382,115,1911,334,330,4,NA,334,2606,2554,52,104,2502,1455,1437,18,NA,1455,1465,1465,NA,NA,1465,1526,1456,70,83,1443,4280,3237,1043,2071,2209,2192,2192,0,0,2192,1823,1823,NA,10,1813,3665,3331,334,74,3591,1692,1692,NA,NA,1692,1588,1535,53,21,1567,2011,2010,1,NA,2011,6401,5695,706,562,5839,1293,853,440,NA,1293,1377,1281,96,122,1255,3833,3363,470,69,3764,2140,1771,369,60,2080,1149,1061,88,NA,1149
M9 [CHILD IMMUNISATION],'9.1.3',Child immunisation - DPT1,TOTAL,4,4,0,0,4,NA,NA,NA,NA,NA,NA,NA,NA,NA,NA,NA,NA,NA,NA,NA,NA,NA,NA,NA,NA,NA,NA,NA,NA,NA,NA,NA,NA,NA,NA,NA,NA,NA,NA,NA,3,3,NA,NA,3,NA,NA,NA,NA,NA,NA,NA,NA,NA,NA,NA,NA,NA,NA,NA,NA,NA,NA,NA,NA,NA,NA,NA,NA,NA,NA,NA,NA,NA,NA,0,NA,0,0,NA,NA,NA,NA,NA,NA,NA,NA,NA,NA,NA,0,0,NA,0,0,NA,NA,NA,NA,NA,0,0,NA,NA,0,NA,NA,NA,NA,NA,NA,NA,NA,NA,NA,1,1,NA,NA,1,NA,NA,NA,NA,NA,NA,NA,NA,NA,NA,0,0,NA,NA,0,NA,NA,NA,NA,NA
M9 [CHILD IMMUNISATION],'9.1.4',Child immunisation - DPT2,TOTAL,10,10,0,0,10,NA,NA,NA,NA,NA,NA,NA,NA,NA,NA,NA,NA,NA,NA,NA,NA,NA,NA,NA,NA,NA,NA,NA,NA,NA,NA,NA,NA,NA,NA,NA,NA,NA,NA,NA,9,9,NA,NA,9,NA,NA,NA,NA,NA,NA,NA,NA,NA,NA,NA,NA,NA,NA,NA,NA,NA,NA,NA,NA,NA,NA,NA,NA,NA,NA,NA,NA,NA,NA,0,NA,0,0,NA,NA,NA,NA,NA,NA,NA,NA,NA,NA,NA,0,0,NA,0,0,NA,NA,NA,NA,NA,0,0,NA,NA,0,NA,NA,NA,NA,NA,NA,NA,NA,NA,NA,1,1,NA,NA,1,NA,NA,NA,NA,NA,NA,NA,NA,NA,NA,0,0,NA,NA,0,NA,NA,NA,NA,NA
M9 [CHILD IMMUNISATION],'9.1.5',Child immunisation - DPT3,TOTAL,1,1,0,0,1,NA,NA,NA,NA,NA,NA,NA,NA,NA,NA,NA,NA,NA,NA,NA,NA,NA,NA,NA,NA,NA,NA,NA,NA,NA,NA,NA,NA,NA,NA,NA,NA,NA,NA,NA,0,0,NA,NA,0,NA,NA,NA,NA,NA,NA,NA,NA,NA,NA,NA,NA,NA,NA,NA,NA,NA,NA,NA,NA,NA,NA,NA,NA,NA,NA,NA,NA,NA,NA,0,NA,0,0,NA,NA,NA,NA,NA,NA,NA,NA,NA,NA,NA,0,0,NA,0,0,NA,NA,NA,NA,NA,0,0,NA,NA,0,NA,NA,NA,NA,NA,NA,NA,NA,NA,NA,1,1,NA,NA,1,NA,NA,NA,NA,NA,NA,NA,NA,NA,NA,0,0,NA,NA,0,NA,NA,NA,NA,NA
M9 [CHILD IMMUNISATION],'9.1.6',Child immunisation - Pentavalent 1,TOTAL,55466,53192,2274,3232,52234,1259,1257,2,NA,1259,3567,3474,93,NA,3567,1293,1270,23,131,1162,3470,3374,96,290,3180,760,759,1,NA,760,1878,1870,8,NA,1878,1186,1186,NA,NA,1186,4270,4200,70,85,4185,1882,1419,463,144,1738,347,347,0,NA,347,2071,2029,42,120,1951,1615,1615,0,NA,1615,1514,1514,NA,NA,1514,1614,1587,27,194,1420,2031,1983,48,1539,492,2500,2500,0,0,2500,1760,1760,NA,104,1656,2922,2922,0,46,2876,1387,1387,NA,NA,1387,1740,1683,57,86,1654,1915,1914,1,NA,1915,5437,5383,54,211,5226,1302,1172,130,NA,1302,1564,1399,165,110,1454,3042,2640,402,55,2987,1917,1431,486,117,1800,1223,1117,106,NA,1223
M9 [CHILD IMMUNISATION],'9.1.7',Child immunisation - Pentavalent 2,TOTAL,55960,53742,2218,3236,52724,1291,1289,2,NA,1291,3496,3423,73,NA,3496,1302,1278,24,128,1174,3350,3246,104,258,3092,759,757,2,NA,759,1897,1891,6,NA,1897,1266,1266,NA,NA,1266,4441,4356,85,120,4321,1947,1542,405,185,1762,298,298,0,NA,298,2114,2096,18,164,1950,1707,1707,0,NA,1707,1538,1538,NA,NA,1538,1630,1622,8,161,1469,2006,1989,17,1559,447,2611,2611,0,0,2611,1861,1861,NA,108,1753,2620,2620,0,47,2573,1443,1443,NA,NA,1443,1845,1792,53,94,1751,1851,1850,1,NA,1851,5333,5260,73,160,5173,1195,1075,120,NA,1195,1716,1547,169,91,1625,3102,2700,402,47,3055,2092,1540,552,114,1978,1249,1145,104,NA,1249
M9 [CHILD IMMUNISATION],'9.1.8',Child immunisation - Pentavalent 3,TOTAL,50425,48399,2026,3046,47379,1229,1228,1,NA,1229,3182,3115,67,NA,3182,1053,1035,18,85,968,3026,2920,106,254,2772,615,614,1,NA,615,1763,1748,15,NA,1763,1086,1086,NA,NA,1086,4189,4096,93,114,4075,1646,1296,350,155,1491,247,247,0,NA,247,1913,1893,20,111,1802,1479,1479,0,NA,1479,1327,1327,NA,NA,1327,1503,1499,4,153,1350,1961,1889,72,1578,383,2191,2191,0,0,2191,1678,1678,NA,109,1569,2493,2493,0,34,2459,1364,1364,NA,NA,1364,1656,1589,67,83,1573,1677,1676,1,NA,1677,4927,4868,59,123,4804,1063,960,103,NA,1063,1546,1390,156,106,1440,2799,2433,366,39,2760,1739,1308,431,102,1637,1073,977,96,NA,1073
M9 [CHILD IMMUNISATION],'9.1.9',Child immunisation - OPV 0 (Birth Dose),TOTAL,40722,36668,4054,2471,38251,797,797,0,NA,797,2192,2183,9,NA,2192,840,791,49,67,773,3719,2975,744,461,3258,435,435,0,NA,435,1420,1357,63,NA,1420,1146,1146,NA,NA,1146,1660,1600,60,0,1660,1977,1455,522,363,1614,175,171,4,NA,175,1699,1685,14,56,1643,1118,1059,59,NA,1118,934,934,NA,NA,934,1192,1154,38,67,1125,3095,2265,830,919,2176,1338,1338,0,0,1338,1045,1045,NA,0,1045,1891,1545,346,70,1821,1156,1156,NA,NA,1156,1158,1153,5,9,1149,995,995,0,NA,995,4413,3886,527,351,4062,1118,681,437,NA,1118,924,900,24,12,912,2309,2155,154,63,2246,1326,1208,118,33,1293,650,599,51,NA,650
M9 [CHILD IMMUNISATION],'9.1.10',Child immunisation - OPV1,TOTAL,55401,53060,2341,3216,52185,1265,1263,2,NA,1265,3561,3468,93,NA,3561,1275,1252,23,131,1144,3484,3385,99,290,3194,759,759,0,NA,759,1873,1865,8,NA,1873,1186,1186,NA,NA,1186,4200,4130,70,85,4115,1879,1416,463,144,1735,347,347,0,NA,347,2072,2030,42,120,1952,1614,1614,0,NA,1614,1514,1514,NA,NA,1514,1613,1586,27,194,1419,2009,1983,26,1517,492,2499,2499,0,0,2499,1760,1760,NA,104,1656,2918,2918,0,46,2872,1379,1379,NA,NA,1379,1742,1685,57,86,1656,1909,1908,1,NA,1909,5444,5382,62,217,5227,1308,1178,130,NA,1308,1561,1395,166,110,1451,3102,2631,471,55,3047,1900,1403,497,117,1783,1228,1124,104,NA,1228
M9 [CHILD IMMUNISATION],'9.1.11',Child immunisation - OPV2,TOTAL,55929,53701,2228,3261,52668,1280,1278,2,NA,1280,3497,3424,73,NA,3497,1299,1275,24,128,1171,3354,3250,104,258,3096,753,753,0,NA,753,1904,1898,6,NA,1904,1263,1263,NA,NA,1263,4377,4292,85,120,4257,1939,1539,400,185,1754,298,298,0,NA,298,2125,2107,18,164,1961,1706,1706,0,NA,1706,1529,1529,NA,NA,1529,1631,1623,8,161,1470,2014,1991,23,1566,448,2608,2608,0,0,2608,1861,1861,NA,108,1753,2634,2634,0,47,2587,1446,1446,NA,NA,1446,1847,1794,53,94,1753,1856,1855,1,NA,1856,5361,5276,85,178,5183,1197,1077,120,NA,1197,1700,1543,157,91,1609,3091,2694,397,47,3044,2121,1549,572,114,2007,1238,1138,100,NA,1238
M9 [CHILD IMMUNISATION],'9.1.12',Child immunisation - OPV3,TOTAL,50402,48405,1997,3013,47389,1238,1237,1,NA,1238,3189,3120,69,NA,3189,1057,1039,18,85,972,3028,2922,106,254,2774,614,611,3,NA,614,1756,1741,15,NA,1756,1090,1090,NA,NA,1090,4172,4079,93,114,4058,1646,1292,354,153,1493,250,250,0,NA,250,1913,1893,20,111,1802,1479,1479,0,NA,1479,1336,1336,NA,NA,1336,1507,1503,4,153,1354,1905,1889,16,1522,383,2195,2195,0,0,2195,1678,1678,NA,109,1569,2452,2452,0,34,2418,1371,1371,NA,NA,1371,1653,1586,67,83,1570,1675,1674,1,NA,1675,4953,4886,67,148,4805,1082,979,103,NA,1082,1522,1381,141,106,1416,2811,2448,363,39,2772,1760,1300,460,102,1658,1070,974,96,NA,1070
M9 [CHILD IMMUNISATION],'9.1.13',Child immunisation - Hepatitis-B0 (Birth Dose),TOTAL,37622,33863,3759,2456,35166,493,493,0,NA,493,1740,1740,0,NA,1740,690,657,33,34,656,3815,2877,938,461,3354,404,404,0,NA,404,1360,1297,63,NA,1360,1122,1122,NA,NA,1122,1589,1589,0,0,1589,1788,1308,480,362,1426,153,149,4,NA,153,1555,1541,14,56,1499,1054,995,59,NA,1054,929,929,NA,NA,929,771,771,0,0,771,3160,2264,896,987,2173,1328,1328,0,0,1328,1024,1024,NA,37,987,1778,1469,309,33,1745,1096,1096,NA,NA,1096,1015,1011,4,3,1012,957,957,0,NA,957,4323,3793,530,354,3969,866,649,217,NA,866,843,843,0,54,789,2208,2064,144,63,2145,969,943,26,12,957,592,550,42,NA,592
M9 [CHILD IMMUNISATION],'9.1.14',Child immunisation - Hepatitis-B1,TOTAL,1,1,0,0,1,NA,NA,NA,NA,NA,NA,NA,NA,NA,NA,NA,NA,NA,NA,NA,NA,NA,NA,NA,NA,NA,NA,NA,NA,NA,NA,NA,NA,NA,NA,NA,NA,NA,NA,NA,0,0,NA,NA,0,NA,NA,NA,NA,NA,NA,NA,NA,NA,NA,NA,NA,NA,NA,NA,NA,NA,NA,NA,NA,NA,NA,NA,NA,NA,NA,NA,NA,NA,NA,0,NA,0,0,NA,NA,NA,NA,NA,NA,NA,NA,NA,NA,NA,0,0,NA,0,0,NA,NA,NA,NA,NA,0,0,NA,NA,0,NA,NA,NA,NA,NA,0,0,NA,NA,0,1,1,NA,NA,1,NA,NA,NA,NA,NA,NA,NA,NA,NA,NA,0,0,NA,NA,0,NA,NA,NA,NA,NA
M9 [CHILD IMMUNISATION],'9.1.15',Child immunisation - Hepatitis-B2,TOTAL,1,1,0,0,1,NA,NA,NA,NA,NA,NA,NA,NA,NA,NA,NA,NA,NA,NA,NA,NA,NA,NA,NA,NA,NA,NA,NA,NA,NA,NA,NA,NA,NA,NA,NA,NA,NA,NA,NA,0,0,NA,NA,0,NA,NA,NA,NA,NA,NA,NA,NA,NA,NA,NA,NA,NA,NA,NA,NA,NA,NA,NA,NA,NA,NA,NA,NA,NA,NA,NA,NA,NA,NA,0,NA,0,0,NA,NA,NA,NA,NA,NA,NA,NA,NA,NA,NA,0,0,NA,0,0,NA,NA,NA,NA,NA,0,0,NA,NA,0,NA,NA,NA,NA,NA,0,0,NA,NA,0,1,1,NA,NA,1,NA,NA,NA,NA,NA,NA,NA,NA,NA,NA,0,0,NA,NA,0,NA,NA,NA,NA,NA
M9 [CHILD IMMUNISATION],'9.1.16',Child immunisation - Hepatitis-B3,TOTAL,1,1,0,0,1,NA,NA,NA,NA,NA,NA,NA,NA,NA,NA,NA,NA,NA,NA,NA,NA,NA,NA,NA,NA,NA,NA,NA,NA,NA,NA,NA,NA,NA,NA,NA,NA,NA,NA,NA,0,0,NA,NA,0,NA,NA,NA,NA,NA,NA,NA,NA,NA,NA,NA,NA,NA,NA,NA,NA,NA,NA,NA,NA,NA,NA,NA,NA,NA,NA,NA,NA,NA,NA,0,NA,0,0,NA,NA,NA,NA,NA,NA,NA,NA,NA,NA,NA,0,0,NA,0,0,NA,NA,NA,NA,NA,0,0,NA,NA,0,NA,NA,NA,NA,NA,0,0,NA,NA,0,1,1,NA,NA,1,NA,NA,NA,NA,NA,NA,NA,NA,NA,NA,0,0,NA,NA,0,NA,NA,NA,NA,NA
M9 [CHILD IMMUNISATION],'9.1.17',Child immunisation - Inactivated Polio Vaccine 1 (IPV 1),TOTAL,53842,51672,2170,3177,50665,1216,1216,0,NA,1216,3440,3347,93,NA,3440,1240,1236,4,112,1128,2985,2910,75,288,2697,669,669,0,NA,669,1821,1817,4,NA,1821,1197,1197,NA,NA,1197,4195,4125,70,85,4110,1832,1378,454,148,1684,345,345,0,NA,345,2049,2007,42,120,1929,1621,1621,0,NA,1621,1512,1512,NA,NA,1512,1593,1586,7,174,1419,2036,1985,51,1524,512,2344,2344,0,0,2344,1701,1701,NA,104,1597,2756,2756,0,46,2710,1341,1341,NA,NA,1341,1739,1682,57,86,1653,1882,1881,1,NA,1882,5402,5352,50,205,5197,1308,1178,130,NA,1308,1557,1403,154,110,1447,2951,2577,374,55,2896,1930,1429,501,120,1810,1180,1077,103,NA,1180
M9 [CHILD IMMUNISATION],'9.1.18',Child immunisation - Inactivated Polio Vaccine 2 (IPV 2),TOTAL,48844,47009,1835,2995,45849,1211,1211,0,NA,1211,3010,2943,67,NA,3010,1049,1045,4,71,978,2600,2495,105,260,2340,547,547,0,NA,547,1675,1670,5,NA,1675,1062,1062,NA,NA,1062,4120,4027,93,114,4006,1600,1249,351,153,1447,257,257,0,NA,257,1894,1874,20,111,1783,1464,1464,0,NA,1464,1328,1328,NA,NA,1328,1516,1511,5,154,1362,1923,1909,14,1512,411,2059,2059,0,0,2059,1629,1629,NA,109,1520,2284,2284,0,34,2250,1316,1316,NA,NA,1316,1653,1586,67,83,1570,1617,1616,1,NA,1617,4908,4854,54,137,4771,1014,941,73,NA,1014,1553,1418,135,106,1447,2740,2415,325,49,2691,1738,1318,420,102,1636,1077,981,96,NA,1077
M9 [CHILD IMMUNISATION],'9.1.19',Child immunisation - Rotavirus 1,TOTAL,55534,53268,2266,3212,52322,1265,1263,2,NA,1265,3569,3476,93,NA,3569,1268,1264,4,112,1156,3421,3329,92,290,3131,754,754,0,NA,754,1928,1922,6,NA,1928,1187,1187,NA,NA,1187,4206,4136,70,85,4121,1883,1420,463,146,1737,347,347,0,NA,347,2070,2028,42,120,1950,1806,1806,0,NA,1806,1513,1513,NA,NA,1513,1600,1573,27,194,1406,2037,1981,56,1533,504,2559,2559,0,0,2559,1760,1760,NA,104,1656,2910,2910,0,46,2864,1381,1381,NA,NA,1381,1743,1686,57,86,1657,1913,1912,1,NA,1913,5413,5354,59,214,5199,1328,1198,130,NA,1328,1640,1464,176,110,1530,2920,2539,381,55,2865,1967,1452,515,117,1850,1146,1054,92,NA,1146
M9 [CHILD IMMUNISATION],'9.1.20',Child immunisation - Rotavirus 2,TOTAL,56000,53833,2167,3243,52757,1274,1272,2,NA,1274,3494,3421,73,NA,3494,1285,1279,6,110,1175,3297,3201,96,258,3039,757,756,1,NA,757,1936,1931,5,NA,1936,1264,1264,NA,NA,1264,4364,4279,85,120,4244,1949,1546,403,186,1763,299,299,0,NA,299,2124,2106,18,164,1960,1874,1874,0,NA,1874,1536,1536,NA,NA,1536,1605,1597,8,161,1444,2018,1992,26,1560,458,2648,2648,0,0,2648,1861,1861,NA,108,1753,2607,2607,0,47,2560,1445,1445,NA,NA,1445,1847,1794,53,94,1753,1864,1863,1,NA,1864,5333,5243,90,183,5150,1246,1126,120,NA,1246,1752,1602,150,91,1661,3005,2628,377,47,2958,2129,1557,572,114,2015,1187,1106,81,NA,1187
M9 [CHILD IMMUNISATION],'9.1.21',Child immunisation - Rotavirus 3,TOTAL,50501,48597,1904,2995,47506,1235,1234,1,NA,1235,3177,3108,69,NA,3177,1038,1034,4,71,967,2969,2873,96,254,2715,630,627,3,NA,630,1808,1795,13,NA,1808,1088,1088,NA,NA,1088,4148,4055,93,114,4034,1653,1300,353,157,1496,248,248,0,NA,248,1909,1889,20,111,1798,1678,1678,0,NA,1678,1337,1337,NA,NA,1337,1493,1489,4,150,1343,1914,1897,17,1517,397,2264,2264,0,0,2264,1678,1678,NA,109,1569,2497,2497,0,34,2463,1364,1364,NA,NA,1364,1653,1586,67,83,1570,1668,1667,1,NA,1668,4921,4854,67,148,4773,1065,962,103,NA,1065,1533,1417,116,106,1427,2711,2379,332,39,2672,1793,1336,457,102,1691,1029,941,88,NA,1029
M9 [CHILD IMMUNISATION],'9.2.1',Child immunisation (9-11months) - Measles & Rubella (MR)- 1st Dose,TOTAL,50887,48985,1902,3213,47674,1187,1187,0,NA,1187,3077,2999,78,NA,3077,1011,989,22,114,897,3226,3104,122,291,2935,657,656,1,NA,657,1614,1607,7,NA,1614,1021,1021,NA,NA,1021,4307,4221,86,104,4203,1632,1297,335,173,1459,266,266,0,NA,266,1835,1786,49,125,1710,1351,1351,0,NA,1351,1743,1743,NA,NA,1743,1356,1348,8,160,1196,2007,1977,30,1632,375,2108,2108,0,0,2108,1597,1597,NA,78,1519,2743,2743,0,51,2692,1347,1347,NA,NA,1347,1548,1498,50,47,1501,1781,1777,4,NA,1781,5536,5481,55,147,5389,1173,1052,121,NA,1173,1364,1203,161,143,1221,2750,2460,290,51,2699,1643,1231,412,97,1546,1007,936,71,NA,1007
M9 [CHILD IMMUNISATION],'9.2.2',Child immunisation (9-11months) - Measles 1st dose,TOTAL,52,52,0,51,1,NA,NA,NA,NA,NA,NA,NA,NA,NA,NA,NA,NA,NA,NA,NA,NA,NA,NA,NA,NA,NA,NA,NA,NA,NA,NA,NA,NA,NA,NA,NA,NA,NA,NA,NA,0,0,NA,NA,0,NA,NA,NA,NA,NA,NA,NA,NA,NA,NA,NA,NA,NA,NA,NA,NA,NA,NA,NA,NA,NA,NA,NA,NA,NA,NA,NA,NA,NA,NA,0,NA,0,0,NA,NA,NA,NA,NA,NA,NA,NA,NA,NA,NA,0,0,NA,0,0,NA,NA,NA,NA,NA,0,0,NA,NA,0,NA,NA,NA,NA,NA,0,0,NA,NA,0,1,1,NA,NA,1,NA,NA,NA,NA,NA,51,51,NA,51,NA,0,0,NA,NA,0,NA,NA,NA,NA,NA
M9 [CHILD IMMUNISATION],'9.2.3',Child immunisation (9-11months) - JE 1st dose,TOTAL,49384,47207,2177,2671,46713,1189,1189,0,NA,1189,3061,2986,75,NA,3061,1022,1013,9,101,921,3221,3101,120,291,2930,662,662,0,NA,662,1585,1578,7,NA,1585,828,828,NA,NA,828,4209,4123,86,104,4105,1618,1251,367,140,1478,266,266,0,NA,266,1863,1794,69,125,1738,1364,1364,0,NA,1364,1743,1743,NA,NA,1743,1375,1367,8,173,1202,1471,1459,12,1148,323,1120,1120,0,0,1120,1597,1597,NA,78,1519,2819,2819,0,51,2768,1333,1333,NA,NA,1333,1032,1013,19,13,1019,1811,1807,4,NA,1811,5524,5468,56,148,5376,1130,1020,110,NA,1130,1483,1264,219,143,1340,3201,2812,389,52,3149,1852,1293,559,104,1748,1005,937,68,NA,1005
M9 [CHILD IMMUNISATION],'9.2.4.a',Children aged between 9 and 11 months fully immunized- Male,TOTAL,26500,25551,949,1671,24829,577,577,0,NA,577,1659,1615,44,NA,1659,521,509,12,54,467,1680,1622,58,149,1531,339,339,0,NA,339,842,839,3,NA,842,530,530,NA,NA,530,2232,2190,42,63,2169,815,654,161,79,736,153,153,0,NA,153,953,927,26,67,886,697,697,0,NA,697,927,927,NA,NA,927,722,718,4,84,638,1047,1032,15,849,198,1126,1126,0,0,1126,809,809,NA,39,770,1425,1425,0,28,1397,716,716,NA,NA,716,793,770,23,27,766,902,900,2,NA,902,2924,2893,31,80,2844,595,528,67,NA,595,692,611,81,72,620,1447,1300,147,27,1420,826,634,192,53,773,551,510,41,NA,551
M9 [CHILD IMMUNISATION],'9.2.4.b',Children aged between 9 and 11 months fully immunized - Female,TOTAL,24342,23399,943,1540,22802,610,610,0,NA,610,1403,1369,34,NA,1403,486,476,10,60,426,1544,1482,62,142,1402,317,317,0,NA,317,739,736,3,NA,739,507,507,NA,NA,507,2086,2042,44,41,2045,820,646,174,94,726,117,117,0,NA,117,882,859,23,58,824,655,655,0,NA,655,816,816,NA,NA,816,618,614,4,76,542,955,940,15,777,178,981,981,0,0,981,788,788,NA,39,749,1299,1299,0,23,1276,631,631,NA,NA,631,755,728,27,20,735,879,877,2,NA,879,2620,2596,24,63,2557,579,525,54,NA,579,669,589,80,71,598,1308,1166,142,25,1283,805,602,203,51,754,473,431,42,NA,473
M9 [CHILD IMMUNISATION],'9.3.1',Child immunisation - Measles & Rubella (MR)- 1st Dose,TOTAL,1371,1238,133,231,1140,7,7,0,NA,7,186,186,0,NA,186,3,3,NA,NA,3,5,5,0,0,5,21,21,0,NA,21,0,0,0,NA,0,28,28,NA,NA,28,67,67,0,0,67,85,69,16,1,84,35,35,0,NA,35,36,36,0,26,10,27,27,0,NA,27,82,82,NA,NA,82,44,44,0,0,44,202,165,37,195,7,13,13,0,0,13,4,4,NA,NA,4,14,14,0,0,14,58,58,NA,NA,58,30,30,0,0,30,6,6,0,NA,6,220,198,22,9,211,6,6,0,NA,6,32,32,0,0,32,74,58,16,NA,74,30,7,23,0,30,56,37,19,NA,56
M9 [CHILD IMMUNISATION],'9.3.2',Child immunisation - Measles-1st dose,TOTAL,273,265,8,0,273,0,0,0,NA,0,47,47,0,NA,47,0,0,NA,NA,0,0,0,0,0,0,3,3,0,NA,3,0,0,0,NA,0,0,0,NA,NA,0,9,9,0,0,9,13,12,1,0,13,9,9,0,NA,9,10,10,0,0,10,0,0,0,NA,0,77,77,NA,NA,77,2,2,0,0,2,0,0,0,0,0,0,0,0,0,0,0,0,NA,NA,0,0,0,0,0,0,28,28,NA,NA,28,0,0,0,0,0,0,0,0,NA,0,60,57,3,0,60,1,1,0,NA,1,0,0,0,0,0,9,9,0,NA,9,0,0,0,0,0,5,1,4,NA,5
M9 [CHILD IMMUNISATION],'9.3.3',Child immunisation - JE 1st dose,TOTAL,1365,1259,106,169,1196,7,7,0,NA,7,197,197,0,NA,197,3,3,NA,NA,3,5,5,0,0,5,28,24,4,NA,28,18,18,0,NA,18,61,61,NA,NA,61,67,67,0,0,67,81,63,18,1,80,35,35,0,NA,35,36,36,0,26,10,35,35,0,NA,35,20,20,NA,NA,20,46,46,0,0,46,124,124,0,115,9,56,56,0,0,56,4,4,NA,NA,4,14,14,0,0,14,80,80,NA,NA,80,27,27,0,0,27,5,5,0,NA,5,204,183,21,27,177,30,30,0,NA,30,10,10,0,0,10,79,62,17,NA,79,33,6,27,0,33,60,41,19,NA,60
M9 [CHILD IMMUNISATION],'9.4.1',Child immunisation - Measles & Rubella (MR)- 2nd Dose (16-24 months),TOTAL,41479,40031,1448,2323,39156,897,897,0,NA,897,3252,3201,51,NA,3252,831,819,12,87,744,2413,2382,31,172,2241,440,440,0,NA,440,1494,1490,4,NA,1494,763,763,NA,NA,763,4082,4017,65,89,3993,1153,929,224,114,1039,241,241,0,NA,241,1799,1741,58,125,1674,983,983,0,NA,983,1113,1113,NA,NA,1113,1035,1033,2,117,918,1555,1553,2,1241,314,1876,1876,0,0,1876,1373,1373,NA,59,1314,1996,1996,0,46,1950,1020,1020,NA,NA,1020,1197,1156,41,37,1160,1399,1397,2,NA,1399,4344,4303,41,84,4260,802,701,101,NA,802,1106,1005,101,78,1028,1985,1803,182,NA,1985,1413,955,458,74,1339,917,844,73,NA,917
M9 [CHILD IMMUNISATION],'9.4.2',Child immunisation - Measles 2nd dose (More than 16 months),TOTAL,68,68,0,67,1,NA,NA,NA,NA,NA,NA,NA,NA,NA,NA,NA,NA,NA,NA,NA,NA,NA,NA,NA,NA,NA,NA,NA,NA,NA,NA,NA,NA,NA,NA,NA,NA,NA,NA,NA,0,0,NA,NA,0,NA,NA,NA,NA,NA,NA,NA,NA,NA,NA,NA,NA,NA,NA,NA,NA,NA,NA,NA,NA,NA,NA,NA,NA,NA,NA,NA,NA,NA,NA,0,NA,0,0,NA,NA,NA,NA,NA,NA,NA,NA,NA,NA,NA,0,0,NA,0,0,NA,NA,NA,NA,NA,NA,NA,NA,NA,NA,NA,NA,NA,NA,NA,0,0,NA,NA,0,1,1,NA,NA,1,NA,NA,NA,NA,NA,67,67,NA,67,NA,0,0,NA,NA,0,NA,NA,NA,NA,NA
M9 [CHILD IMMUNISATION],'9.4.3',Child immunisation - DPT 1st Booster,TOTAL,42888,41263,1625,2542,40346,937,937,0,NA,937,3133,3064,69,NA,3133,848,836,12,87,761,2624,2562,62,203,2421,494,494,0,NA,494,1580,1575,5,NA,1580,817,817,NA,NA,817,4068,4003,65,89,3979,1192,942,250,109,1083,262,262,0,NA,262,1812,1754,58,125,1687,996,996,0,NA,996,1113,1113,NA,NA,1113,1084,1082,2,117,967,1709,1698,11,1358,351,2080,2080,0,0,2080,1373,1373,NA,59,1314,2056,2056,0,46,2010,1043,1043,NA,NA,1043,1224,1183,41,37,1187,1389,1387,2,NA,1389,4469,4422,47,92,4377,824,722,102,NA,824,1129,1028,101,77,1052,2302,2011,291,62,2240,1419,982,437,81,1338,911,841,70,NA,911
M9 [CHILD IMMUNISATION],'9.4.4',Child immunisation - OPV Booster,TOTAL,42662,41059,1603,2541,40121,938,938,0,NA,938,3130,3061,69,NA,3130,848,836,12,87,761,2604,2542,62,203,2401,466,460,6,NA,466,1561,1556,5,NA,1561,817,817,NA,NA,817,4056,3991,65,89,3967,1180,934,246,110,1070,262,262,0,NA,262,1802,1744,58,125,1677,1008,1008,0,NA,1008,1113,1113,NA,NA,1113,1083,1081,2,117,966,1705,1694,11,1357,348,2040,2040,0,0,2040,1373,1373,NA,59,1314,2015,2015,0,46,1969,1049,1049,NA,NA,1049,1224,1183,41,37,1187,1392,1390,2,NA,1392,4460,4415,45,92,4368,814,712,102,NA,814,1120,1019,101,77,1043,2297,2009,288,62,2235,1395,977,418,80,1315,910,840,70,NA,910
M9 [CHILD IMMUNISATION],'9.4.5',"Child immunisation - Measles, Mumps, Rubella (MMR) Vaccine",TOTAL,313,201,112,167,146,3,3,0,NA,3,43,43,0,NA,43,0,0,NA,NA,0,37,0,37,31,6,0,0,0,NA,0,0,0,0,NA,0,0,0,NA,NA,0,0,0,0,0,0,38,16,22,0,38,26,26,0,NA,26,21,21,0,21,0,0,0,0,NA,0,0,0,NA,NA,0,10,10,0,0,10,89,62,27,89,0,0,0,0,0,0,0,0,NA,0,0,0,0,0,0,0,0,0,NA,NA,0,16,16,0,0,16,0,0,0,NA,0,28,2,26,26,2,1,1,0,NA,1,0,0,0,0,0,1,1,0,NA,1,0,0,0,0,0,0,0,0,NA,0
M9 [CHILD IMMUNISATION],'9.4.6',Number of children more than 16 months of age who received Japanese Encephalitis (JE) vaccine,TOTAL,37957,36322,1635,1790,36167,891,891,0,NA,891,2544,2493,51,NA,2544,782,770,12,87,695,2279,2217,62,203,2076,433,426,7,NA,433,1443,1439,4,NA,1443,653,653,NA,NA,653,3995,3930,65,96,3899,1121,888,233,112,1009,251,251,0,NA,251,1726,1668,58,125,1601,953,953,0,NA,953,1107,1107,NA,NA,1107,1003,1001,2,120,883,1064,1030,34,787,277,878,878,0,0,878,1373,1373,NA,59,1314,2018,2018,0,46,1972,959,959,NA,NA,959,737,715,22,5,732,1409,1407,2,NA,1409,4111,4054,57,69,4042,781,678,103,NA,781,1194,964,230,0,1194,1941,1730,211,NA,1941,1442,1014,428,81,1361,869,815,54,NA,869
M9 [CHILD IMMUNISATION],'9.5.1',Child immunisation - Typhoid,TOTAL,231,48,183,94,137,0,0,0,NA,0,0,0,0,NA,0,0,0,NA,NA,0,48,11,37,35,13,0,0,0,NA,0,0,0,0,NA,0,0,0,NA,NA,0,0,0,0,0,0,4,0,4,0,4,0,0,0,NA,0,0,0,0,0,0,0,0,0,NA,0,0,0,NA,NA,0,3,3,0,0,3,33,6,27,33,0,0,0,0,0,0,9,9,NA,0,9,0,0,0,0,0,0,0,NA,NA,0,3,3,0,0,3,0,0,0,NA,0,32,6,26,26,6,95,6,89,NA,95,3,3,0,0,3,0,0,0,NA,0,0,0,0,0,0,1,1,0,NA,1
M9 [CHILD IMMUNISATION],'9.5.2',Children more than 5 years received DPT5 (2nd Booster),TOTAL,28718,27531,1187,2041,26677,735,735,0,NA,735,1289,1281,8,NA,1289,447,437,10,72,375,1559,1522,37,134,1425,382,382,0,NA,382,1135,1130,5,NA,1135,495,495,NA,NA,495,1323,1296,27,38,1285,1398,1101,297,93,1305,154,154,0,NA,154,752,748,4,41,711,982,982,0,NA,982,1036,1036,NA,NA,1036,1084,1082,2,123,961,1314,1311,3,1010,304,1623,1623,0,0,1623,715,715,NA,84,631,1120,1120,0,37,1083,611,611,NA,NA,611,1130,1072,58,61,1069,1183,1182,1,NA,1183,2534,2484,50,105,2429,727,665,62,NA,727,1073,1000,73,108,965,1827,1570,257,34,1793,1248,997,251,101,1147,842,800,42,NA,842
M9 [CHILD IMMUNISATION],'9.5.3',Children more than 10 years received TT10,TOTAL,18449,17724,725,1485,16964,343,343,0,NA,343,882,873,9,NA,882,224,219,5,40,184,1217,1184,33,6,1211,138,138,0,NA,138,867,861,6,NA,867,224,224,NA,NA,224,971,960,11,14,957,846,689,157,69,777,69,69,0,NA,69,425,423,2,14,411,621,621,0,NA,621,715,715,NA,NA,715,900,899,1,94,806,1076,1067,9,908,168,803,803,0,0,803,535,535,NA,83,452,943,941,2,34,909,427,427,NA,NA,427,502,473,29,23,479,890,890,0,NA,890,1531,1511,20,44,1487,431,384,47,NA,431,624,597,27,77,547,1153,971,182,21,1132,674,524,150,58,616,418,383,35,NA,418
M9 [CHILD IMMUNISATION],'9.5.4',Children more than 16 years received TT16,TOTAL,12826,12207,619,1052,11774,202,202,0,NA,202,677,674,3,NA,677,119,117,2,23,96,916,891,25,0,916,99,99,0,NA,99,701,697,4,NA,701,135,135,NA,NA,135,709,694,15,5,704,334,233,101,20,314,40,40,NA,NA,40,338,335,3,6,332,397,397,0,NA,397,516,516,NA,NA,516,735,733,2,73,662,803,802,1,705,98,421,421,0,0,421,508,508,NA,95,413,720,720,0,29,691,337,337,NA,NA,337,264,226,38,3,261,680,680,0,NA,680,974,959,15,22,952,284,264,20,NA,284,352,321,31,38,314,901,684,217,8,893,427,308,119,25,402,237,214,23,NA,237
M9 [CHILD IMMUNISATION],'9.6.1',Number of cases of AEFI - Abscess,TOTAL,49,49,0,1,48,0,0,0,NA,0,17,17,0,NA,17,10,10,NA,NA,10,0,0,0,0,0,0,0,0,NA,0,0,0,0,NA,0,0,0,NA,NA,0,2,2,0,0,2,0,0,0,0,0,0,0,0,NA,0,0,0,0,0,0,0,0,0,NA,0,0,0,NA,NA,0,0,0,0,0,0,1,1,0,1,0,1,1,0,0,1,0,0,NA,NA,0,0,0,0,0,0,0,0,NA,NA,0,0,0,0,0,0,0,0,0,NA,0,8,8,0,0,8,1,1,0,NA,1,0,0,0,0,0,3,3,0,NA,3,0,0,0,0,0,6,6,0,NA,6
M9 [CHILD IMMUNISATION],'9.6.2',Number of cases of AEFI - Death,TOTAL,8,8,0,0,8,0,0,0,NA,0,0,0,0,NA,0,0,0,NA,NA,0,0,0,0,0,0,0,0,0,NA,0,0,0,0,NA,0,0,0,NA,NA,0,0,0,0,0,0,0,0,0,0,0,0,0,0,NA,0,0,0,0,0,0,0,0,0,NA,0,0,0,NA,NA,0,0,0,0,0,0,0,0,0,0,0,0,0,0,0,0,0,0,NA,NA,0,0,0,0,0,0,0,0,NA,NA,0,0,0,0,0,0,0,0,0,NA,0,0,0,0,0,0,1,1,0,NA,1,0,0,0,0,0,3,3,0,NA,3,0,0,0,0,0,4,4,0,NA,4
M9 [CHILD IMMUNISATION],'9.6.3',Number of cases of AEFI - Others,TOTAL,1621,1608,13,341,1280,137,137,0,NA,137,67,67,0,NA,67,406,406,NA,31,375,0,0,0,0,0,0,0,0,NA,0,80,80,0,NA,80,32,32,NA,NA,32,10,10,0,0,10,26,17,9,0,26,23,23,0,NA,23,1,1,0,0,1,15,15,0,NA,15,0,0,NA,NA,0,10,10,0,1,9,373,373,0,309,64,131,131,0,0,131,0,0,NA,NA,0,0,0,0,0,0,21,21,NA,NA,21,1,1,0,0,1,5,5,0,NA,5,129,125,4,0,129,102,102,0,NA,102,0,0,0,0,0,15,15,0,NA,15,6,6,0,0,6,31,31,0,NA,31
M9 [CHILD IMMUNISATION],'9.7.1',Immunisation sessions planned,TOTAL,28485,27684,801,1364,27121,808,808,0,NA,808,1402,1359,43,NA,1402,688,681,7,74,614,1672,1653,19,105,1567,485,485,0,NA,485,849,846,3,NA,849,631,631,NA,NA,631,1772,1742,30,42,1730,991,843,148,83,908,376,376,0,NA,376,1007,1005,2,69,938,1097,1097,0,NA,1097,672,672,NA,NA,672,1079,1079,0,97,982,745,745,0,568,177,1074,1074,0,0,1074,1261,1261,NA,35,1226,1187,1187,0,20,1167,1060,1060,NA,NA,1060,1156,1114,42,71,1085,950,949,1,NA,950,2105,2089,16,62,2043,735,735,NA,NA,735,1172,1092,80,43,1129,1771,1564,207,40,1731,975,825,150,55,920,765,712,53,NA,765
M9 [CHILD IMMUNISATION],'9.7.2',Immunisation sessions held,TOTAL,28003,27229,774,1338,26665,804,804,0,NA,804,1389,1351,38,NA,1389,665,658,7,73,592,1669,1650,19,105,1564,470,470,0,NA,470,848,845,3,NA,848,619,619,NA,NA,619,1750,1720,30,35,1715,981,837,144,83,898,347,347,0,NA,347,989,987,2,63,926,1093,1093,0,NA,1093,665,665,NA,NA,665,1057,1057,0,89,968,742,742,0,568,174,1061,1061,0,0,1061,1229,1229,NA,33,1196,1173,1173,0,20,1153,1028,1028,NA,NA,1028,1106,1072,34,71,1035,927,926,1,NA,927,2088,2072,16,62,2026,732,732,NA,NA,732,1152,1074,78,41,1111,1703,1503,200,40,1663,965,815,150,55,910,751,699,52,NA,751
M9 [CHILD IMMUNISATION],'9.7.3',Number of Immunisation sessions where ASHAs were present,TOTAL,27808,27008,800,1221,26587,817,817,0,NA,817,1391,1345,46,NA,1391,650,643,7,73,577,1624,1609,15,65,1559,485,485,0,NA,485,815,812,3,NA,815,593,593,NA,NA,593,1771,1741,30,35,1736,981,836,145,83,898,336,336,0,NA,336,958,956,2,63,895,1094,1094,0,NA,1094,652,652,NA,NA,652,1020,1020,0,47,973,730,730,0,553,177,1061,1061,0,0,1061,1232,1232,NA,32,1200,1180,1180,0,20,1160,1025,1025,NA,NA,1025,1076,1042,34,59,1017,926,925,1,NA,926,2071,2056,15,60,2011,681,681,NA,NA,681,1150,1072,78,41,1109,1698,1497,201,35,1663,1030,858,172,55,975,761,710,51,NA,761
M9 [CHILD IMMUNISATION],'9.8.1',Child immunisation - Vitamin A Dose - 1,TOTAL,52431,50710,1721,2996,49435,1157,1157,0,NA,1157,3039,2959,80,NA,3039,1001,992,9,101,900,3275,3230,45,204,3071,662,662,0,NA,662,1894,1887,7,NA,1894,958,958,NA,NA,958,4345,4259,86,104,4241,1496,1259,237,123,1373,301,301,0,NA,301,1842,1788,54,125,1717,1369,1369,0,NA,1369,1772,1772,NA,NA,1772,1361,1359,2,156,1205,1886,1886,0,1558,328,1958,1958,0,0,1958,1536,1536,NA,78,1458,2699,2697,2,51,2648,3011,3011,NA,NA,3011,1524,1467,57,47,1477,1811,1807,4,NA,1811,5585,5539,46,160,5425,1050,982,68,NA,1050,1381,1219,162,143,1238,2747,2436,311,58,2689,1722,1247,475,88,1634,1049,973,76,NA,1049
M9 [CHILD IMMUNISATION],'9.8.2',Child immunisation - Vitamin A Dose - 5,TOTAL,17736,17233,503,1530,16206,322,322,0,NA,322,1014,971,43,NA,1014,324,321,3,45,279,1288,1260,28,205,1083,73,73,0,NA,73,606,602,4,NA,606,218,218,NA,NA,218,1728,1692,36,9,1719,392,344,48,5,387,86,86,0,NA,86,467,447,20,34,433,472,472,0,NA,472,531,531,NA,NA,531,875,872,3,95,780,928,928,0,851,77,414,414,0,0,414,465,465,NA,54,411,924,921,3,29,895,378,378,NA,NA,378,677,652,25,21,656,625,625,0,NA,625,2186,2165,21,74,2112,256,220,36,NA,256,613,593,20,50,563,1013,936,77,21,992,558,452,106,37,521,303,273,30,NA,303
M9 [CHILD IMMUNISATION],'9.8.3',Child immunisation - Vitamin A Dose - 9,TOTAL,25273,24532,741,1782,23491,582,582,0,NA,582,1264,1186,78,NA,1264,384,384,NA,45,339,1366,1346,20,182,1184,269,269,0,NA,269,1002,997,5,NA,1002,348,348,NA,NA,348,1750,1720,30,20,1730,916,754,162,67,849,108,108,0,NA,108,633,629,4,40,593,563,563,0,NA,563,1023,1023,NA,NA,1023,1145,1138,7,110,1035,1213,1213,0,948,265,974,974,0,0,974,519,519,NA,86,433,977,977,0,22,955,444,444,NA,NA,444,1392,1332,60,56,1336,1003,1003,0,NA,1003,2473,2443,30,50,2423,1044,1019,25,NA,1044,759,731,28,76,683,1277,1135,142,27,1250,1261,1142,119,53,1208,584,553,31,NA,584
M9 [CHILD IMMUNISATION],'9.9',Number of children (6-59 months) provided 8-10 doses (1ml) of IFA syrup (Bi weekly),TOTAL,1099704,1080831,18873,13837,1085867,39657,39657,0,NA,39657,70780,70780,0,NA,70780,34274,34274,NA,1450,32824,49876,48976,900,212,49664,8107,8107,0,NA,8107,39060,38873,187,NA,39060,30091,30091,NA,NA,30091,134607,132639,1968,0,134607,20071,16469,3602,1099,18972,12877,12877,0,NA,12877,34162,33969,193,335,33827,23231,23231,0,NA,23231,46525,46525,NA,NA,46525,38150,38150,0,42,38108,13876,13876,0,8724,5152,61495,61495,0,0,61495,41422,41422,NA,195,41227,19990,19982,8,39,19951,25329,25329,NA,NA,25329,65602,62152,3450,1128,64474,55253,55253,0,NA,55253,115418,114196,1222,613,114805,32082,31707,375,NA,32082,29289,27734,1555,0,29289,14977,14357,620,NA,14977,34271,29784,4487,0,34271,9232,8926,306,NA,9232
M9 [CHILD IMMUNISATION],'9.10',Number of children (12-59 months) provided Albendazole,TOTAL,46434,44136,2298,1661,44773,1712,1712,0,NA,1712,3424,3379,45,NA,3424,966,966,NA,206,760,958,927,31,0,958,1013,1013,0,NA,1013,5039,4939,100,NA,5039,636,636,NA,NA,636,5668,5467,201,0,5668,957,716,241,0,957,338,338,0,NA,338,1703,1585,118,61,1642,894,894,0,NA,894,563,563,NA,NA,563,809,809,0,21,788,1647,1647,0,1121,526,1713,1713,0,0,1713,1176,1176,NA,141,1035,2924,2913,11,39,2885,2405,2405,NA,NA,2405,493,256,237,10,483,467,467,0,NA,467,4477,4411,66,62,4415,2371,1855,516,NA,2371,1412,1319,93,0,1412,697,557,140,NA,697,1462,1042,420,0,1462,510,431,79,NA,510
M9 [CHILD IMMUNISATION],'9.11',Number of severely underweight children provided Health Checkup (0-5 yrs),TOTAL,5910,5625,285,55,5855,76,76,0,NA,76,689,689,0,NA,689,195,195,NA,46,149,94,91,3,0,94,9,9,0,NA,9,184,184,0,NA,184,26,26,NA,NA,26,1143,1097,46,0,1143,434,427,7,0,434,28,28,0,NA,28,44,44,0,0,44,338,338,0,NA,338,402,402,NA,NA,402,287,287,0,0,287,420,420,0,0,420,87,87,0,0,87,4,4,NA,0,4,312,312,0,0,312,280,280,NA,NA,280,24,24,0,0,24,6,6,0,NA,6,160,159,1,9,151,64,28,36,NA,64,17,17,0,0,17,226,60,166,NA,226,235,209,26,0,235,126,126,0,NA,126
M10 [Number of cases of Childhood Diseases (0-5 years)],'10.1',Childhood Diseases - Pneumonia,TOTAL,1566,1344,222,112,1454,3,3,0,NA,3,76,76,0,NA,76,0,0,NA,NA,0,114,111,3,0,114,20,20,0,NA,20,297,297,0,NA,297,9,9,NA,NA,9,378,378,NA,0,378,83,80,3,0,83,9,9,0,NA,9,36,27,9,9,27,2,2,0,NA,2,3,3,NA,NA,3,13,13,0,0,13,130,130,0,4,126,7,7,0,0,7,0,0,NA,NA,0,78,13,65,49,29,29,29,NA,NA,29,46,45,1,0,46,20,20,0,NA,20,102,52,50,50,52,88,7,81,NA,88,6,5,1,0,6,4,3,1,NA,4,8,0,8,0,8,5,5,0,NA,5
M10 [Number of cases of Childhood Diseases (0-5 years)],'10.2',Childhood Diseases - Asthma,TOTAL,413,254,159,65,348,11,11,0,NA,11,29,29,0,NA,29,1,1,NA,NA,1,32,29,3,0,32,5,5,0,NA,5,7,6,1,NA,7,19,19,NA,NA,19,13,13,NA,0,13,8,7,1,0,8,0,0,0,NA,0,16,16,0,4,12,0,0,0,NA,0,2,2,NA,NA,2,5,5,0,0,5,18,18,0,7,11,2,2,0,0,2,0,0,NA,NA,0,43,25,18,18,25,14,14,NA,NA,14,8,8,0,0,8,10,10,0,NA,10,36,0,36,36,0,82,4,78,NA,82,10,9,1,0,10,10,0,10,NA,10,32,21,11,0,32,0,0,0,NA,0
M10 [Number of cases of Childhood Diseases (0-5 years)],'10.3',Childhood Diseases - Sepsis,TOTAL,601,270,331,74,527,0,0,0,NA,0,0,0,0,NA,0,0,0,NA,NA,0,50,49,1,0,50,0,0,0,NA,0,8,8,0,NA,8,1,1,NA,NA,1,0,0,NA,0,0,115,115,0,0,115,0,0,0,NA,0,6,6,0,0,6,19,19,0,NA,19,0,0,NA,NA,0,31,31,0,0,31,7,7,0,0,7,0,0,0,0,0,0,0,NA,NA,0,36,5,31,0,36,0,0,NA,NA,0,0,0,0,0,0,9,9,0,NA,9,74,0,74,74,0,245,20,225,NA,245,0,0,0,0,0,0,0,0,NA,0,0,0,0,0,0,0,0,0,NA,0
M10 [Number of cases of Childhood Diseases (0-5 years)],'10.4',Childhood Diseases - Diphtheria,TOTAL,10,7,3,3,7,0,0,0,NA,0,0,0,0,NA,0,0,0,NA,NA,0,0,0,0,0,0,0,0,0,NA,0,0,0,0,NA,0,0,0,NA,NA,0,1,1,NA,0,1,0,0,0,0,0,0,0,0,NA,0,0,0,0,0,0,0,0,0,NA,0,0,0,NA,NA,0,0,0,0,0,0,0,0,0,0,0,0,0,0,0,0,0,0,NA,NA,0,0,0,0,0,0,0,0,NA,NA,0,0,0,0,0,0,0,0,0,NA,0,3,0,3,3,0,1,1,0,NA,1,0,0,0,0,0,5,5,0,NA,5,0,0,0,0,0,0,0,0,NA,0
M10 [Number of cases of Childhood Diseases (0-5 years)],'10.5',Childhood Diseases - Pertussis,TOTAL,6,6,0,0,6,0,0,0,NA,0,0,0,0,NA,0,0,0,NA,NA,0,0,0,0,0,0,0,0,0,NA,0,0,0,0,NA,0,0,0,NA,NA,0,0,0,NA,0,0,0,0,0,0,0,0,0,0,NA,0,0,0,0,0,0,0,0,0,NA,0,0,0,NA,NA,0,0,0,0,0,0,0,0,0,0,0,0,0,0,0,0,0,0,NA,NA,0,0,0,0,0,0,0,0,NA,NA,0,0,0,0,0,0,0,0,0,NA,0,0,0,0,0,0,1,1,0,NA,1,0,0,0,0,0,5,5,0,NA,5,0,0,0,0,0,0,0,0,NA,0
M10 [Number of cases of Childhood Diseases (0-5 years)],'10.6',Childhood Diseases - Tetanus Neonatorum,TOTAL,4,4,0,0,4,0,0,0,NA,0,0,0,0,NA,0,0,0,NA,NA,0,0,0,0,0,0,0,0,0,NA,0,0,0,0,NA,0,0,0,NA,NA,0,0,0,NA,0,0,0,0,0,0,0,0,0,0,NA,0,0,0,0,0,0,0,0,0,NA,0,0,0,NA,NA,0,0,0,0,0,0,0,0,0,0,0,0,0,0,0,0,0,0,NA,NA,0,0,0,0,0,0,0,0,NA,NA,0,0,0,0,0,0,0,0,0,NA,0,0,0,0,0,0,1,1,0,NA,1,0,0,0,0,0,3,3,0,NA,3,0,0,0,0,0,0,0,0,NA,0
M10 [Number of cases of Childhood Diseases (0-5 years)],'10.7',Childhood Diseases - Tuberculosis (TB),TOTAL,22,22,0,4,18,0,0,0,NA,0,1,1,0,NA,1,0,0,NA,NA,0,2,2,0,0,2,0,0,0,NA,0,0,0,0,NA,0,0,0,NA,NA,0,0,0,0,0,0,2,2,0,0,2,0,0,0,NA,0,0,0,0,0,0,1,1,0,NA,1,0,0,NA,NA,0,0,0,0,0,0,4,4,0,4,0,0,0,0,0,0,0,0,NA,NA,0,0,0,0,0,0,0,0,NA,NA,0,0,0,0,0,0,0,0,0,NA,0,2,2,0,0,2,1,1,0,NA,1,0,0,0,0,0,1,1,0,NA,1,0,0,0,0,0,8,8,0,NA,8
M10 [Number of cases of Childhood Diseases (0-5 years)],'10.8',Childhood Diseases - Acute Flaccid Paralysis(AFP),TOTAL,3,3,0,0,3,0,0,0,NA,0,0,0,0,NA,0,0,0,NA,NA,0,0,0,0,0,0,0,0,0,NA,0,0,0,0,NA,0,0,0,NA,NA,0,0,0,0,0,0,0,0,0,0,0,0,0,0,NA,0,0,0,0,0,0,0,0,0,NA,0,0,0,NA,NA,0,0,0,0,0,0,2,2,0,0,2,0,0,0,0,0,0,0,NA,NA,0,0,0,0,0,0,0,0,NA,NA,0,0,0,0,0,0,0,0,0,NA,0,0,0,0,0,0,1,1,0,NA,1,0,0,0,0,0,0,0,0,NA,0,0,0,0,0,0,0,0,0,NA,0
M10 [Number of cases of Childhood Diseases (0-5 years)],'10.9',Childhood Diseases - Measles,TOTAL,39,39,0,1,38,7,7,0,NA,7,0,0,0,NA,0,0,0,NA,NA,0,1,1,0,0,1,0,0,0,NA,0,2,2,0,NA,2,0,0,NA,NA,0,1,1,0,0,1,0,0,0,0,0,0,0,0,NA,0,0,0,0,0,0,4,4,0,NA,4,0,0,NA,NA,0,0,0,0,0,0,1,1,0,1,0,3,3,0,0,3,0,0,NA,NA,0,10,10,0,0,10,6,6,NA,NA,6,0,0,0,0,0,0,0,0,NA,0,1,1,0,0,1,2,2,0,NA,2,0,0,0,0,0,0,0,0,NA,0,0,0,0,0,0,1,1,0,NA,1
M10 [Number of cases of Childhood Diseases (0-5 years)],'10.10',Childhood Diseases - Malaria,TOTAL,61,40,21,20,41,0,0,0,NA,0,0,0,0,NA,0,0,0,NA,NA,0,2,2,0,0,2,5,5,0,NA,5,0,0,0,NA,0,0,0,NA,NA,0,0,0,0,0,0,0,0,0,0,0,1,1,0,NA,1,14,14,0,0,14,0,0,0,NA,0,0,0,NA,NA,0,0,0,0,0,0,0,0,0,0,0,0,0,0,0,0,0,0,NA,NA,0,20,0,20,20,0,10,10,NA,NA,10,0,0,0,0,0,0,0,0,NA,0,1,1,0,0,1,6,5,1,NA,6,0,0,0,0,0,0,0,0,NA,0,0,0,0,0,0,2,2,0,NA,2
M10 [Number of cases of Childhood Diseases (0-5 years)],'10.11',Childhood Diseases - Diarrhoea,TOTAL,6580,6166,414,483,6097,156,156,0,NA,156,128,128,0,NA,128,59,59,NA,17,42,303,291,12,0,303,141,141,0,NA,141,431,426,5,NA,431,191,191,NA,NA,191,576,575,1,0,576,311,214,97,12,299,88,88,0,NA,88,184,170,14,41,143,99,89,10,NA,99,452,452,NA,NA,452,133,133,0,2,131,382,382,0,350,32,225,225,0,0,225,127,127,NA,2,125,700,668,32,20,680,149,149,NA,NA,149,243,213,30,0,243,144,144,0,NA,144,515,482,33,34,481,319,207,112,NA,319,141,139,2,0,141,72,46,26,1,71,263,226,37,4,259,48,45,3,NA,48
M10 [Number of cases of Childhood Diseases (0-5 years)],'10.12',Childhood Diseases - Diarrhoea treated in Inpatients,TOTAL,1590,1362,228,389,1201,26,26,0,NA,26,13,13,0,NA,13,6,6,NA,NA,6,22,10,12,0,22,0,0,0,NA,0,88,88,0,NA,88,61,61,NA,NA,61,272,272,NA,0,272,30,13,17,0,30,10,10,0,NA,10,102,88,14,41,61,39,39,0,NA,39,38,38,NA,NA,38,6,6,0,0,6,321,321,0,301,20,73,73,0,0,73,16,16,NA,NA,16,130,98,32,20,110,17,17,NA,NA,17,19,15,4,0,19,15,15,0,NA,15,108,82,26,27,81,85,37,48,NA,85,13,11,2,0,13,33,2,31,NA,33,22,0,22,0,22,25,5,20,NA,25
M10 [Number of cases of Childhood Diseases (0-5 years)],'10.13',Children admitted with upper respiratory infections,TOTAL,860,583,277,56,804,16,16,0,NA,16,3,3,0,NA,3,20,20,NA,NA,20,28,11,17,0,28,10,10,0,NA,10,40,40,0,NA,40,29,29,NA,NA,29,29,29,NA,0,29,34,29,5,0,34,4,4,0,NA,4,62,45,17,17,45,11,11,0,NA,11,3,3,NA,NA,3,50,50,0,0,50,34,34,0,0,34,0,0,0,0,0,9,9,NA,NA,9,104,85,19,0,104,18,18,NA,NA,18,37,13,24,0,37,0,0,0,NA,0,43,4,39,39,4,148,47,101,NA,148,51,51,0,0,51,13,0,13,NA,13,50,15,35,0,50,14,7,7,NA,14
M10 [Number of cases of Childhood Diseases (0-5 years)],'10.14',Childhood Diseases - Severe Acute Malnutrition (SAM),TOTAL,78,61,17,3,75,0,0,0,NA,0,1,1,0,NA,1,0,0,NA,NA,0,4,4,0,0,4,0,0,0,NA,0,0,0,0,NA,0,0,0,NA,NA,0,5,5,NA,0,5,6,4,2,0,6,0,0,0,NA,0,0,0,0,0,0,0,0,0,NA,0,4,4,NA,NA,4,11,11,0,0,11,1,1,0,0,1,1,1,0,0,1,3,3,NA,NA,3,9,6,3,0,9,9,9,NA,NA,9,0,0,0,0,0,0,0,0,NA,0,5,4,1,3,2,10,6,4,NA,10,0,0,0,0,0,0,0,0,NA,0,7,0,7,0,7,2,2,0,NA,2
M11 [NVBDCP],'11.1.1.a',Total Blood Smears Examined for Malaria,TOTAL,164582,163477,1105,4037,160545,4850,4819,31,NA,4850,5236,5236,0,NA,5236,4798,4798,NA,974,3824,7764,7572,192,0,7764,2415,2415,0,NA,2415,4399,4392,7,NA,4399,3350,3338,12,NA,3350,13144,13065,79,25,13119,2135,2120,15,0,2135,1125,1124,1,NA,1125,8956,8937,19,361,8595,3573,3540,33,NA,3573,5218,5218,NA,NA,5218,6508,6508,0,2,6506,3163,3163,0,1871,1292,17170,17170,0,0,17170,5070,5070,NA,NA,5070,7207,7207,0,0,7207,5618,5618,NA,NA,5618,4790,4630,160,22,4768,7316,7315,1,NA,7316,18639,18513,126,81,18558,3188,3188,NA,NA,3188,6146,6125,21,654,5492,7395,7193,202,7,7388,3209,3084,125,40,3169,2200,2119,81,NA,2200
M11 [NVBDCP],'11.1.1.b',Malaria (Microscopy Tests ) - Plasmodium Vivax test positive,TOTAL,62,59,3,0,62,0,0,0,NA,0,21,21,0,NA,21,2,2,NA,NA,2,2,2,0,0,2,6,6,0,NA,6,0,0,0,NA,0,0,0,NA,NA,0,0,0,0,0,0,0,0,0,0,0,0,0,0,NA,0,1,1,0,0,1,0,0,0,NA,0,2,2,NA,NA,2,0,0,0,0,0,0,0,0,0,0,0,0,0,0,0,0,0,NA,NA,0,1,1,0,0,1,20,20,NA,NA,20,0,0,0,0,0,0,0,0,NA,0,0,0,0,0,0,1,1,NA,NA,1,0,0,0,0,0,5,2,3,0,5,0,0,0,NA,0,1,1,0,NA,1
M11 [NVBDCP],'11.1.1.c',Malaria (Microscopy Tests ) - Plasmodium Falciparum test positive,TOTAL,51,39,12,1,50,0,0,0,NA,0,0,0,0,NA,0,0,0,NA,NA,0,1,1,0,0,1,9,9,0,NA,9,0,0,0,NA,0,0,0,NA,NA,0,0,0,0,0,0,0,0,0,0,0,0,0,0,NA,0,1,1,0,0,1,0,0,0,NA,0,2,2,NA,NA,2,0,0,0,0,0,1,1,0,0,1,3,3,0,0,3,0,0,NA,NA,0,1,1,0,0,1,15,15,NA,NA,15,0,0,0,0,0,0,0,0,NA,0,1,1,0,0,1,2,2,NA,NA,2,0,0,0,0,0,5,2,3,0,5,1,0,1,1,0,9,1,8,NA,9
M11 [NVBDCP],'11.1.2.a',RDT conducted for Malaria,TOTAL,75035,74022,1013,2055,72980,2302,2302,0,NA,2302,3457,3457,0,NA,3457,2844,2844,NA,593,2251,3356,3159,197,0,3356,1247,1189,58,NA,1247,2417,2410,7,NA,2417,3958,3958,NA,NA,3958,4243,4205,38,6,4237,1294,1288,6,2,1292,1700,1699,1,NA,1700,6156,5828,328,508,5648,1905,1887,18,NA,1905,1258,1258,NA,NA,1258,2766,2766,0,0,2766,2224,2224,0,851,1373,5398,5398,0,0,5398,2555,2555,NA,1,2554,1558,1521,37,0,1558,4593,4593,NA,NA,4593,2259,2154,105,18,2241,4586,4585,1,NA,4586,5041,5031,10,6,5035,1665,1665,NA,NA,1665,1272,1257,15,40,1232,2854,2802,52,7,2847,835,806,29,23,812,1292,1181,111,NA,1292
M11 [NVBDCP],'11.1.2.b',Malaria (RDT) - Plasmodium Vivax test positive,TOTAL,126,123,3,10,116,0,0,0,NA,0,1,1,0,NA,1,3,3,NA,2,1,2,2,0,0,2,8,8,0,NA,8,1,1,0,NA,1,0,0,NA,NA,0,1,1,0,0,1,1,1,0,0,1,20,20,0,NA,20,4,4,0,0,4,0,0,0,NA,0,0,0,NA,NA,0,0,0,0,0,0,8,8,0,8,0,0,0,0,0,0,0,0,NA,NA,0,0,0,0,0,0,63,63,NA,NA,63,0,0,0,0,0,2,2,0,NA,2,0,0,0,0,0,1,1,NA,NA,1,0,0,0,0,0,5,5,0,0,5,0,0,0,0,0,6,3,3,NA,6
M11 [NVBDCP],'11.1.2.c',Malaria (RDT) - Plamodium Falciparum test positive,TOTAL,62,55,7,0,62,0,0,0,NA,0,0,0,0,NA,0,1,1,NA,NA,1,0,0,0,0,0,1,1,0,NA,1,0,0,0,NA,0,0,0,NA,NA,0,0,0,0,0,0,0,0,0,0,0,2,2,0,NA,2,3,3,0,0,3,0,0,0,NA,0,0,0,NA,NA,0,0,0,0,0,0,1,1,0,0,1,7,7,0,0,7,1,1,NA,NA,1,0,0,0,0,0,25,25,NA,NA,25,0,0,0,0,0,0,0,0,NA,0,0,0,0,0,0,2,2,NA,NA,2,0,0,0,0,0,0,0,0,0,0,0,0,0,0,0,19,12,7,NA,19
M11 [NVBDCP],'11.2.1',Kala Azar (RDT) - Tests Conducted,TOTAL,17,17,0,0,17,0,0,0,NA,0,0,0,0,NA,0,0,0,NA,NA,0,0,0,0,0,0,0,0,0,NA,0,0,0,0,NA,0,0,0,NA,NA,0,0,0,NA,0,0,0,0,0,0,0,0,0,NA,NA,0,0,0,0,0,0,0,0,0,NA,0,0,0,NA,NA,0,0,0,0,0,0,0,0,0,0,0,0,0,0,0,0,0,0,NA,NA,0,0,0,0,0,0,0,0,NA,NA,0,0,0,0,0,0,0,0,0,NA,0,0,0,0,0,0,1,1,NA,NA,1,0,0,0,0,0,0,0,0,NA,0,0,0,0,NA,0,16,16,0,NA,16
M11 [NVBDCP],'11.2.2',Kala Azar Positive Cases,TOTAL,1,1,0,0,1,0,0,0,NA,0,0,0,0,NA,0,0,0,NA,NA,0,0,0,0,0,0,0,0,0,NA,0,0,0,0,NA,0,0,0,NA,NA,0,0,0,NA,0,0,0,0,0,0,0,0,0,0,NA,0,0,0,0,0,0,0,0,0,NA,0,0,0,NA,NA,0,0,0,0,0,0,0,0,0,0,0,0,0,0,0,0,0,0,NA,NA,0,0,0,0,0,0,0,0,NA,NA,0,0,0,0,0,0,0,0,0,NA,0,0,0,0,0,0,1,1,NA,NA,1,0,0,0,0,0,0,0,0,NA,0,0,0,0,NA,0,0,0,0,NA,0
M11 [NVBDCP],'11.2.3',Post-kala-azar dermal leishmaniasis (PKDL) cases,TOTAL,1,1,0,0,1,0,0,0,NA,0,0,0,0,NA,0,0,0,NA,NA,0,0,0,0,0,0,0,0,0,NA,0,0,0,0,NA,0,0,0,NA,NA,0,0,0,NA,0,0,0,0,0,0,0,0,0,0,NA,0,0,0,0,0,0,0,0,0,NA,0,0,0,NA,NA,0,0,0,0,0,0,0,0,0,0,0,0,0,0,0,0,0,0,NA,NA,0,0,0,0,0,0,0,0,NA,NA,0,0,0,0,0,0,0,0,0,NA,0,0,0,0,0,0,1,1,NA,NA,1,0,0,0,0,0,0,0,0,NA,0,0,0,0,NA,0,0,0,0,NA,0
M11 [NVBDCP],'11.3.1',Dengue - RDT Test Positive,TOTAL,39,38,1,1,38,0,0,0,NA,0,2,2,0,NA,2,0,0,NA,NA,0,29,29,0,0,29,0,0,0,NA,0,0,0,0,NA,0,0,0,NA,NA,0,0,0,0,0,0,0,0,0,0,0,0,0,0,NA,0,2,1,1,1,1,0,0,0,NA,0,0,0,NA,NA,0,0,0,0,0,0,2,2,0,0,2,0,0,0,0,0,0,0,NA,NA,0,0,0,0,0,0,0,0,NA,NA,0,0,0,0,0,0,1,1,0,NA,1,0,0,0,0,0,3,3,NA,NA,3,0,0,0,0,0,0,0,0,NA,0,0,0,0,NA,0,0,0,0,NA,0
M11 [NVBDCP],'11.3.2',Dengue - Enzyme- Linked Immuno Sorbent Assay (ELISA) Test Positive,TOTAL,72,72,NA,NA,72,0,0,NA,NA,0,0,0,NA,NA,0,1,1,NA,NA,1,6,6,NA,NA,6,NA,NA,NA,NA,NA,2,2,NA,NA,2,4,4,NA,NA,4,5,5,NA,NA,5,19,19,NA,NA,19,0,0,NA,NA,0,NA,NA,NA,NA,NA,0,0,NA,NA,0,0,0,NA,NA,0,3,3,NA,NA,3,30,30,NA,NA,30,0,0,NA,NA,0,0,0,NA,NA,0,0,0,NA,NA,0,0,0,NA,NA,0,0,0,NA,NA,0,0,0,NA,NA,0,2,2,NA,NA,2,0,0,NA,NA,0,0,0,NA,NA,0,0,0,NA,NA,0,0,0,NA,NA,0,NA,NA,NA,NA,NA
M11 [NVBDCP],'11.4.1',Tests Conducted for JE,TOTAL,158,158,NA,NA,158,0,0,NA,NA,0,0,0,NA,NA,0,2,2,NA,NA,2,15,15,NA,NA,15,3,3,NA,NA,3,3,3,NA,NA,3,0,0,NA,NA,0,1,1,NA,NA,1,28,28,NA,NA,28,0,0,NA,NA,0,NA,NA,NA,NA,NA,0,0,NA,NA,0,0,0,NA,NA,0,8,8,NA,NA,8,62,62,NA,NA,62,0,0,NA,NA,0,0,0,NA,NA,0,0,0,NA,NA,0,0,0,NA,NA,0,1,1,NA,NA,1,0,0,NA,NA,0,4,4,NA,NA,4,18,18,NA,NA,18,0,0,NA,NA,0,13,13,NA,NA,13,0,0,NA,NA,0,NA,NA,NA,NA,NA
M11 [NVBDCP],'11.4.2',Tests Positive for JE,TOTAL,11,11,NA,NA,11,0,0,NA,NA,0,0,0,NA,NA,0,NA,NA,NA,NA,NA,1,1,NA,NA,1,0,0,NA,NA,0,0,0,NA,NA,0,0,0,NA,NA,0,0,0,NA,NA,0,7,7,NA,NA,7,0,0,NA,NA,0,NA,NA,NA,NA,NA,0,0,NA,NA,0,0,0,NA,NA,0,0,0,NA,NA,0,1,1,NA,NA,1,0,0,NA,NA,0,0,0,NA,NA,0,0,0,NA,NA,0,0,0,NA,NA,0,0,0,NA,NA,0,0,0,NA,NA,0,0,0,NA,NA,0,2,2,NA,NA,2,0,0,NA,NA,0,0,0,NA,NA,0,0,0,NA,NA,0,NA,NA,NA,NA,NA
M12 [Adolscent Health],'12.1.1.a',Girls registered in AFHC,TOTAL,1826,1778,48,41,1785,0,0,0,NA,0,9,9,0,NA,9,16,16,NA,NA,16,34,34,0,0,34,0,0,0,NA,0,214,214,0,NA,214,0,0,NA,NA,0,55,55,NA,0,55,0,0,0,0,0,0,0,0,NA,0,428,428,0,0,428,119,119,0,NA,119,0,0,NA,NA,0,26,26,0,0,26,131,131,0,41,90,79,79,0,0,79,0,0,NA,NA,0,46,46,0,0,46,392,392,NA,NA,392,17,17,0,0,17,26,26,NA,NA,26,169,149,20,0,169,1,1,NA,NA,1,0,0,0,0,0,0,0,0,NA,0,28,0,28,NA,28,36,36,0,NA,36
M12 [Adolscent Health],'12.1.1.b',Boys registered in AFHC,TOTAL,588,588,0,22,566,0,0,0,NA,0,5,5,0,NA,5,13,13,NA,NA,13,8,8,0,0,8,0,0,0,NA,0,11,11,0,NA,11,0,0,NA,NA,0,20,20,NA,0,20,0,0,0,0,0,0,0,0,NA,0,215,215,0,0,215,36,36,0,NA,36,0,0,NA,NA,0,28,28,0,0,28,102,102,0,22,80,47,47,0,0,47,0,0,NA,NA,0,26,26,0,0,26,50,50,NA,NA,50,3,3,0,0,3,0,0,NA,NA,0,8,8,0,0,8,1,1,NA,NA,1,0,0,0,0,0,0,0,0,NA,0,0,0,0,NA,0,15,15,0,NA,15
M12 [Adolscent Health],'12.1.2.a',"Out of registered, Girls received clinical services",TOTAL,1481,1359,122,28,1453,0,0,0,NA,0,5,5,0,NA,5,16,16,NA,NA,16,0,0,0,0,0,0,0,0,NA,0,224,224,0,NA,224,0,0,NA,NA,0,50,50,NA,0,50,0,0,0,0,0,0,0,0,NA,0,413,413,0,0,413,27,27,0,NA,27,0,0,NA,NA,0,6,6,0,0,6,28,28,0,28,0,74,74,0,0,74,0,0,NA,NA,0,2,2,0,0,2,320,320,NA,NA,320,0,0,0,0,0,0,0,NA,NA,0,149,149,0,0,149,1,1,NA,NA,1,0,0,0,0,0,0,0,0,NA,0,130,8,122,NA,130,36,36,0,NA,36
M12 [Adolscent Health],'12.1.2.b',"Out of registered, Boys received clinical services",TOTAL,415,412,3,13,402,0,0,0,NA,0,0,0,0,NA,0,13,13,NA,NA,13,0,0,0,0,0,0,0,0,NA,0,19,19,0,NA,19,0,0,NA,NA,0,20,20,NA,0,20,0,0,0,0,0,0,0,0,NA,0,209,209,0,0,209,9,9,0,NA,9,0,0,NA,NA,0,7,7,0,0,7,13,13,0,13,0,39,39,0,0,39,0,0,NA,NA,0,2,2,0,0,2,50,50,NA,NA,50,0,0,0,0,0,0,0,NA,NA,0,8,8,0,0,8,1,1,NA,NA,1,0,0,0,0,0,0,0,0,NA,0,10,7,3,NA,10,15,15,0,NA,15
M12 [Adolscent Health],'12.1.3.a',"Out of registered, Girls received counselling",TOTAL,1746,1590,156,28,1718,0,0,0,NA,0,0,0,0,NA,0,16,16,NA,NA,16,34,34,0,0,34,0,0,0,NA,0,224,224,0,NA,224,0,0,NA,NA,0,55,55,NA,0,55,0,0,0,0,0,0,0,0,NA,0,295,295,0,0,295,119,119,0,NA,119,0,0,NA,NA,0,6,6,0,0,6,118,118,0,28,90,79,79,0,0,79,0,0,NA,NA,0,4,4,0,0,4,392,392,NA,NA,392,17,17,0,0,17,26,26,NA,NA,26,170,160,10,0,170,1,1,NA,NA,1,0,0,0,0,0,0,0,0,NA,0,154,8,146,NA,154,36,36,0,NA,36
M12 [Adolscent Health],'12.1.3.b',"Out of registered, Boys received counselling",TOTAL,498,498,0,13,485,0,0,0,NA,0,0,0,0,NA,0,13,13,NA,NA,13,8,8,0,0,8,0,0,0,NA,0,19,19,0,NA,19,0,0,NA,NA,0,20,20,NA,0,20,0,0,0,0,0,0,0,0,NA,0,159,159,0,0,159,36,36,0,NA,36,0,0,NA,NA,0,7,7,0,0,7,93,93,0,13,80,47,47,0,0,47,0,0,NA,NA,0,5,5,0,0,5,50,50,NA,NA,50,3,3,0,0,3,0,0,NA,NA,0,15,15,0,0,15,1,1,NA,NA,1,0,0,0,0,0,0,0,0,NA,0,7,7,0,NA,7,15,15,0,NA,15
"M13 [Directly Observed Treatment, Short-course (DOTS)]",'13.1',Number of on-going DOTS patients registered,TOTAL,3024,2798,226,58,2966,52,52,0,NA,52,207,207,0,NA,207,5,5,NA,NA,5,288,288,0,0,288,28,28,0,NA,28,75,75,0,NA,75,63,62,1,NA,63,166,166,NA,0,166,124,120,4,0,124,3,3,0,NA,3,104,96,8,11,93,125,125,0,NA,125,34,34,NA,NA,34,82,82,0,0,82,185,185,0,47,138,85,85,0,0,85,129,129,NA,NA,129,97,80,17,0,97,214,214,NA,NA,214,127,124,3,0,127,27,27,0,NA,27,162,161,1,0,162,115,115,NA,NA,115,84,84,0,0,84,108,78,30,NA,108,250,133,117,NA,250,85,40,45,NA,85
"M13 [Directly Observed Treatment, Short-course (DOTS)]",'13.2',Number of DOTS cases completed successfully,TOTAL,1674,1592,82,59,1615,22,22,0,NA,22,71,71,0,NA,71,2,2,NA,NA,2,120,120,0,0,120,18,18,0,NA,18,48,48,0,NA,48,41,41,NA,NA,41,56,56,NA,0,56,138,138,0,0,138,3,3,0,NA,3,73,73,0,2,71,86,86,0,NA,86,13,13,NA,NA,13,112,112,0,0,112,51,51,0,37,14,72,72,0,0,72,91,91,NA,NA,91,39,34,5,0,39,94,94,NA,NA,94,24,24,0,0,24,37,37,0,NA,37,142,138,4,0,142,44,44,NA,NA,44,64,62,2,20,44,78,53,25,NA,78,123,80,43,NA,123,12,9,3,NA,12
M14 [Patient Services],'14.1.1',Outpatient - Diabetes,TOTAL,13783,12661,1122,1191,12592,365,365,0,NA,365,675,663,12,NA,675,222,222,NA,0,222,199,158,41,11,188,149,149,0,NA,149,254,246,8,NA,254,239,239,NA,NA,239,671,671,0,53,618,583,517,66,75,508,102,102,NA,NA,102,610,440,170,181,429,377,365,12,NA,377,277,277,NA,NA,277,868,850,18,34,834,1357,1107,250,615,742,1105,1105,0,0,1105,150,150,NA,NA,150,739,548,191,0,739,78,78,NA,NA,78,395,369,26,14,381,173,173,0,NA,173,1359,1346,13,81,1278,840,840,NA,NA,840,937,921,16,31,906,259,170,89,17,242,693,521,172,79,614,107,69,38,NA,107
M14 [Patient Services],'14.1.2',Outpatient - Hypertension,TOTAL,30400,27262,3138,2209,28191,850,850,0,NA,850,1100,1078,22,NA,1100,527,527,NA,0,527,527,358,169,8,519,347,347,0,NA,347,768,757,11,NA,768,659,659,NA,NA,659,1922,1922,0,41,1881,2928,2801,127,184,2744,133,133,NA,NA,133,792,607,185,212,580,1559,1485,74,NA,1559,284,284,NA,NA,284,1411,1394,17,50,1361,2445,2135,310,1145,1300,1847,1847,0,0,1847,307,307,NA,2,305,1200,958,242,0,1200,422,422,NA,NA,422,1270,1071,199,22,1248,427,427,0,NA,427,2574,2243,331,124,2450,1506,1506,NA,NA,1506,1091,991,100,268,823,1206,689,517,43,1163,1906,1222,684,110,1796,392,242,150,NA,392
M14 [Patient Services],'14.1.3',Outpatient - Stroke (Paralysis),TOTAL,357,266,91,23,334,16,16,0,NA,16,7,7,0,NA,7,18,18,NA,NA,18,34,30,4,0,34,1,1,0,NA,1,7,7,0,NA,7,7,7,NA,NA,7,30,30,0,0,30,67,42,25,0,67,5,5,0,NA,5,6,2,4,4,2,16,12,4,NA,16,1,1,NA,NA,1,17,14,3,3,14,25,23,2,4,21,0,0,0,0,0,3,3,NA,NA,3,6,4,2,0,6,5,5,NA,NA,5,6,4,2,0,6,4,3,1,NA,4,18,12,6,4,14,3,3,NA,NA,3,19,14,5,1,18,14,0,14,0,14,21,3,18,7,14,1,0,1,NA,1
M14 [Patient Services],'14.1.4',Outpatient - Acute Heart Diseases,TOTAL,1563,1181,382,206,1357,16,16,0,NA,16,13,13,0,NA,13,0,0,NA,NA,0,68,52,16,0,68,0,0,0,NA,0,40,40,0,NA,40,3,3,NA,NA,3,29,29,0,0,29,537,525,12,0,537,0,0,0,NA,0,155,2,153,153,2,0,0,0,NA,0,11,11,NA,NA,11,66,65,1,1,65,168,148,20,23,145,6,6,0,0,6,14,14,NA,NA,14,60,23,37,0,60,0,0,NA,NA,0,2,0,2,0,2,171,169,2,NA,171,34,32,2,2,32,1,1,NA,NA,1,17,14,3,10,7,112,6,106,0,112,34,8,26,17,17,6,4,2,NA,6
M14 [Patient Services],'14.1.5',Outpatient - Mental illness,TOTAL,5253,4851,402,243,5010,19,19,0,NA,19,463,463,0,NA,463,203,203,NA,NA,203,867,858,9,0,867,3,3,0,NA,3,235,235,0,NA,235,58,58,NA,NA,58,252,252,0,0,252,167,52,115,94,73,42,42,0,NA,42,28,3,25,25,3,294,292,2,NA,294,7,7,NA,NA,7,71,71,0,0,71,1701,1589,112,118,1583,16,16,0,0,16,5,5,NA,NA,5,115,70,45,0,115,5,5,NA,NA,5,172,170,2,0,172,243,238,5,NA,243,49,47,2,0,49,24,24,NA,NA,24,19,9,10,3,16,48,4,44,0,48,142,115,27,3,139,5,1,4,NA,5
M14 [Patient Services],'14.1.6',Outpatient - Epilepsy,TOTAL,685,454,231,1,684,81,81,0,NA,81,16,16,0,NA,16,1,1,NA,NA,1,12,4,8,0,12,0,0,0,NA,0,8,8,0,NA,8,0,0,NA,NA,0,9,9,0,0,9,39,9,30,0,39,1,1,0,NA,1,1,0,1,1,0,2,2,0,NA,2,2,2,NA,NA,2,72,72,0,0,72,7,7,0,0,7,0,0,0,0,0,0,0,NA,NA,0,15,13,2,0,15,1,1,NA,NA,1,16,3,13,0,16,10,1,9,NA,10,5,4,1,0,5,1,1,NA,NA,1,26,8,18,0,26,61,2,59,0,61,280,201,79,0,280,19,8,11,NA,19
M14 [Patient Services],'14.1.7',Outpatient - Ophthalmic Related,TOTAL,34836,33888,948,331,34505,460,460,0,NA,460,1272,1232,40,NA,1272,412,412,NA,NA,412,3281,3242,39,0,3281,447,447,0,NA,447,1532,1528,4,NA,1532,599,599,NA,NA,599,3044,3044,0,56,2988,703,469,234,66,637,460,460,0,NA,460,257,252,5,6,251,1017,995,22,NA,1017,852,852,NA,NA,852,1453,1453,0,0,1453,4364,4364,0,140,4224,1693,1693,0,0,1693,330,330,NA,NA,330,1764,1641,123,0,1764,249,249,NA,NA,249,1042,940,102,0,1042,814,802,12,NA,814,2042,2010,32,42,2000,2625,2625,NA,NA,2625,1242,1146,96,19,1223,1183,1094,89,0,1183,1315,1208,107,2,1313,384,341,43,NA,384
M14 [Patient Services],'14.1.8',Outpatient - Dental,TOTAL,26507,25631,876,585,25922,365,365,0,NA,365,1033,1033,0,NA,1033,551,551,NA,NA,551,1710,1586,124,0,1710,339,339,0,NA,339,915,910,5,NA,915,482,482,NA,NA,482,2247,2247,0,39,2208,776,645,131,5,771,179,179,0,NA,179,315,248,67,62,253,512,494,18,NA,512,508,508,NA,NA,508,1822,1822,0,0,1822,1169,1139,30,397,772,2360,2360,0,0,2360,328,328,NA,NA,328,1081,1063,18,0,1081,527,527,NA,NA,527,883,823,60,0,883,1030,1023,7,NA,1030,1743,1657,86,33,1710,2531,2531,NA,NA,2531,994,941,53,17,977,947,845,102,NA,947,759,626,133,32,727,401,359,42,NA,401
M14 [Patient Services],'14.1.9',Outpatient - Oncology,TOTAL,27,21,6,0,27,0,0,NA,NA,0,0,0,NA,NA,0,6,6,NA,NA,6,11,11,0,0,11,0,0,0,NA,0,0,0,0,NA,0,0,0,NA,NA,0,0,0,NA,NA,0,0,0,0,NA,0,0,0,NA,NA,0,0,0,0,0,0,0,0,0,NA,0,0,0,NA,NA,0,0,0,0,0,0,3,3,NA,0,3,0,0,0,0,0,0,0,NA,NA,0,6,0,6,NA,6,0,0,NA,NA,0,0,0,0,0,0,0,0,NA,NA,0,0,0,0,0,0,0,0,NA,NA,0,0,0,0,NA,0,1,1,0,NA,1,0,0,NA,NA,0,0,0,NA,NA,0
M14 [Patient Services],'14.2.1',Allopathic- Outpatient attendance,TOTAL,2303433,1877774,425659,84803,2218630,40735,37183,3552,NA,40735,103061,99862,3199,NA,103061,45682,45682,NA,2465,43217,174742,150269,24473,4015,170727,29290,23357,5933,NA,29290,74394,70279,4115,NA,74394,48693,48693,NA,NA,48693,99340,99168,172,868,98472,183594,97140,86454,5595,177999,14848,14449,399,NA,14848,74394,64120,10274,10791,63603,74968,51923,23045,NA,74968,48346,48346,NA,NA,48346,115405,82826,32579,4371,111034,126433,122822,3611,38316,88117,108065,108065,0,0,108065,37233,37182,51,51,37182,73818,67516,6302,185,73633,34877,34877,NA,NA,34877,50090,41179,8911,0,50090,71192,69525,1667,NA,71192,172210,153417,18793,10533,161677,59140,55036,4104,NA,59140,104749,67576,37173,2879,101870,162953,91238,71715,995,161958,128921,68617,60304,3739,125182,46260,27427,18833,NA,46260
M14 [Patient Services],'14.2.2',Ayush - Outpatient attendance,TOTAL,200476,200476,0,4833,195643,14554,14554,0,NA,14554,17178,17178,0,NA,17178,2481,2481,NA,NA,2481,695,695,0,0,695,2766,2766,0,NA,2766,4757,4757,0,NA,4757,2708,2708,NA,NA,2708,20665,20665,0,0,20665,4136,4136,0,395,3741,996,996,0,NA,996,12963,12963,0,850,12113,2379,2379,0,NA,2379,3235,3235,NA,NA,3235,967,967,0,0,967,14156,14156,0,3588,10568,21655,21655,0,0,21655,5286,5286,0,0,5286,4291,4291,0,0,4291,8730,8730,NA,NA,8730,1180,1180,0,0,1180,2380,2380,0,NA,2380,13307,13307,0,0,13307,18360,18360,NA,NA,18360,2765,2765,0,0,2765,9595,9595,0,NA,9595,1472,1472,0,0,1472,6819,6819,0,NA,6819
M14 [Patient Services],'14.3.1.a',Inpatient (Male)- Children<18yrs,TOTAL,9676,7518,2158,868,8808,61,61,0,NA,61,490,409,81,47,443,27,27,NA,NA,27,965,849,116,32,933,37,7,30,NA,37,650,638,12,NA,650,145,144,1,NA,145,674,628,46,0,674,537,401,136,14,523,82,78,4,NA,82,556,184,372,372,184,390,384,6,NA,390,161,161,NA,NA,161,418,385,33,3,415,198,186,12,14,184,72,72,0,0,72,176,173,3,3,173,528,356,172,67,461,70,70,NA,NA,70,427,415,12,0,427,273,273,0,NA,273,617,362,255,230,387,310,239,71,NA,310,325,216,109,0,325,779,555,224,NA,779,644,207,437,86,558,64,38,26,NA,64
M14 [Patient Services],'14.3.1.b',Inpatient (Male)- Adults,TOTAL,30033,22859,7174,2645,27388,104,85,19,NA,104,1334,1238,96,56,1278,342,342,NA,NA,342,2033,1716,317,0,2033,488,83,405,NA,488,945,859,86,NA,945,247,247,0,NA,247,743,735,8,0,743,2817,1988,829,446,2371,314,277,37,NA,314,1240,692,548,548,692,1035,851,184,NA,1035,452,452,NA,NA,452,1296,1108,188,108,1188,4319,3938,381,389,3930,339,339,0,0,339,455,449,6,6,449,612,383,229,9,603,834,834,NA,NA,834,909,868,41,0,909,752,752,0,NA,752,2380,1490,890,812,1568,445,445,0,NA,445,1032,681,351,0,1032,2189,1441,748,NA,2189,1989,405,1584,271,1718,388,161,227,NA,388
M14 [Patient Services],'14.3.2.a',Inpatient (Female)- Children<18yrs,TOTAL,8223,6359,1864,698,7525,52,52,0,NA,52,655,623,32,22,633,19,19,NA,NA,19,676,597,79,0,676,28,6,22,NA,28,419,404,15,NA,419,97,96,1,NA,97,444,419,25,0,444,426,266,160,16,410,81,76,5,NA,81,416,106,310,310,106,414,406,8,NA,414,396,396,NA,NA,396,344,293,51,4,340,173,167,6,22,151,87,87,0,0,87,121,119,2,2,119,326,184,142,41,285,51,51,NA,NA,51,360,347,13,0,360,266,266,0,NA,266,586,334,252,213,373,197,173,24,NA,197,238,158,80,0,238,647,460,187,NA,647,642,228,414,68,574,62,26,36,NA,62
M14 [Patient Services],'14.3.2.b',Inpatient (Female)- Adults,TOTAL,75500,62450,13050,5829,69671,938,916,22,NA,938,3363,3186,177,126,3237,1273,1273,NA,1,1272,6805,5380,1425,333,6472,1122,633,489,NA,1122,2712,2523,189,NA,2712,1273,1271,2,NA,1273,3490,3399,91,23,3467,4094,2963,1131,576,3518,432,399,33,NA,432,3556,2717,839,882,2674,2464,2222,242,NA,2464,2150,2150,NA,NA,2150,3914,3620,294,153,3761,5976,5393,583,705,5271,1931,1923,8,0,1931,1426,1419,7,7,1419,2635,2109,526,110,2525,2111,2111,NA,NA,2111,2189,2102,87,0,2189,1559,1559,0,NA,1559,6965,4592,2373,2241,4724,1631,1322,309,NA,1631,2198,1779,419,0,2198,4889,3615,1274,53,4836,3872,1566,2306,619,3253,532,308,224,NA,532
M14 [Patient Services],'14.3.3',Number of Left Against Medical Advice (LAMA) cases,TOTAL,4677,4333,344,41,4636,6,6,0,NA,6,22,22,0,NA,22,157,157,NA,NA,157,394,390,4,0,394,32,32,0,NA,32,236,236,0,NA,236,29,29,NA,NA,29,629,459,170,0,629,23,18,5,5,18,6,6,NA,NA,6,268,264,4,4,264,221,217,4,NA,221,26,26,NA,NA,26,314,314,0,0,314,40,40,0,4,36,22,22,0,0,22,42,42,0,0,42,204,196,8,0,204,85,85,NA,NA,85,346,330,16,0,346,213,213,0,NA,213,563,533,30,28,535,261,261,0,NA,261,69,64,5,0,69,299,289,10,NA,299,94,6,88,0,94,76,76,0,NA,76
M14 [Patient Services],'14.4.1',Inpatient - Malaria,TOTAL,210,195,15,10,200,0,0,0,NA,0,0,0,0,NA,0,0,0,NA,NA,0,4,2,2,0,4,0,0,0,NA,0,0,0,0,NA,0,0,0,NA,NA,0,0,0,NA,0,0,1,1,0,0,1,1,1,0,NA,1,0,0,0,0,0,0,0,0,NA,0,0,0,NA,NA,0,0,0,0,0,0,2,2,0,0,2,35,35,0,0,35,11,11,NA,NA,11,0,0,0,0,0,36,36,NA,NA,36,0,0,0,0,0,74,74,0,NA,74,0,0,0,0,0,1,1,NA,NA,1,0,0,0,0,0,0,0,0,NA,0,44,32,12,10,34,1,0,1,NA,1
M14 [Patient Services],'14.4.2',Inpatient - Dengue,TOTAL,19,19,0,0,19,0,0,0,NA,0,0,0,0,NA,0,0,0,NA,NA,0,6,6,0,0,6,0,0,0,NA,0,0,0,0,NA,0,0,0,NA,NA,0,0,0,NA,0,0,7,7,0,0,7,0,0,0,NA,0,0,0,0,0,0,0,0,0,NA,0,0,0,NA,NA,0,3,3,0,0,3,2,2,0,0,2,0,0,0,0,0,0,0,NA,NA,0,0,0,0,0,0,0,0,NA,NA,0,0,0,0,0,0,0,0,0,NA,0,0,0,0,0,0,1,1,NA,NA,1,0,0,0,0,0,0,0,0,NA,0,0,0,0,0,0,0,0,0,NA,0
M14 [Patient Services],'14.4.3',Inpatient - Typhoid,TOTAL,263,193,70,20,243,4,4,0,NA,4,0,0,0,NA,0,15,15,NA,NA,15,24,9,15,0,24,5,5,0,NA,5,5,0,5,NA,5,4,4,NA,NA,4,33,33,NA,0,33,3,3,0,0,3,11,11,0,NA,11,2,0,2,2,0,2,2,0,NA,2,1,1,NA,NA,1,0,0,0,0,0,7,1,6,6,1,0,0,0,0,0,14,14,NA,NA,14,6,6,0,0,6,12,12,NA,NA,12,11,2,9,0,11,57,57,0,NA,57,7,0,7,7,0,8,8,NA,NA,8,0,0,0,0,0,1,0,1,NA,1,28,4,24,5,23,3,2,1,NA,3
M14 [Patient Services],'14.4.4',"Inpatient - Asthma, Chronic Obstructive Pulmonary Disease (COPD), Respiratory infections",TOTAL,2424,1736,688,193,2231,6,6,0,NA,6,14,13,1,1,13,24,24,NA,NA,24,122,91,31,0,122,1,0,1,NA,1,86,80,6,NA,86,32,32,NA,NA,32,66,66,NA,0,66,236,217,19,0,236,30,29,1,NA,30,28,2,26,26,2,49,49,0,NA,49,6,6,NA,NA,6,63,53,10,0,63,212,77,135,135,77,22,22,0,0,22,30,30,NA,NA,30,61,22,39,0,61,21,21,NA,NA,21,74,52,22,0,74,178,178,0,NA,178,455,430,25,15,440,44,44,NA,NA,44,47,46,1,0,47,56,26,30,NA,56,401,80,321,16,385,60,40,20,NA,60
M14 [Patient Services],'14.4.5',Inpatient - Tuberculosis,TOTAL,495,369,126,8,487,0,0,0,NA,0,2,2,0,NA,2,4,4,NA,NA,4,88,77,11,0,88,0,0,0,NA,0,6,6,0,NA,6,10,10,NA,NA,10,5,5,NA,0,5,56,48,8,0,56,0,0,0,NA,0,3,0,3,3,0,5,5,0,NA,5,0,0,NA,NA,0,25,25,0,0,25,74,74,0,0,74,1,1,0,0,1,15,15,NA,NA,15,2,0,2,0,2,10,10,NA,NA,10,6,6,0,0,6,31,31,0,NA,31,9,5,4,2,7,2,2,NA,NA,2,21,18,3,0,21,31,16,15,NA,31,71,5,66,3,68,18,4,14,NA,18
M14 [Patient Services],'14.4.6',Inpatient - Pyrexia of unknown origin (PUO),TOTAL,1079,839,240,8,1071,0,0,0,NA,0,19,19,0,NA,19,32,32,NA,NA,32,102,50,52,0,102,0,0,0,NA,0,22,22,0,NA,22,4,4,NA,NA,4,121,121,NA,0,121,38,14,24,0,38,70,70,0,NA,70,4,0,4,4,0,33,31,2,NA,33,0,0,NA,NA,0,77,77,0,0,77,23,23,0,0,23,15,15,0,0,15,24,24,NA,NA,24,8,0,8,0,8,106,106,NA,NA,106,64,64,0,0,64,0,0,0,NA,0,52,47,5,4,48,62,62,NA,NA,62,5,3,2,0,5,29,8,21,NA,29,116,0,116,0,116,53,47,6,NA,53
M14 [Patient Services],'14.4.7',Inpatient - Diarrhea with dehydration,TOTAL,2503,2052,451,197,2306,42,42,0,NA,42,19,13,6,6,13,13,13,NA,NA,13,131,91,40,0,131,21,17,4,NA,21,83,77,6,NA,83,11,11,NA,NA,11,89,89,NA,0,89,194,154,40,0,194,64,64,0,NA,64,27,4,23,23,4,248,247,1,NA,248,236,236,NA,NA,236,50,50,0,0,50,134,34,100,118,16,38,38,0,0,38,98,98,NA,NA,98,36,18,18,0,36,17,17,NA,NA,17,132,115,17,0,132,292,292,0,NA,292,122,106,16,7,115,91,91,NA,NA,91,84,68,16,0,84,64,30,34,NA,64,130,14,116,43,87,37,23,14,NA,37
M14 [Patient Services],'14.4.8',Inpatient - Hepatitis,TOTAL,195,62,133,42,153,4,4,0,NA,4,0,0,0,NA,0,7,7,NA,NA,7,89,16,73,0,89,0,0,0,NA,0,0,0,0,NA,0,2,2,NA,NA,2,1,1,NA,0,1,4,0,4,0,4,6,6,0,NA,6,7,0,7,7,0,0,0,0,NA,0,0,0,NA,NA,0,2,2,0,0,2,31,3,28,28,3,0,0,0,0,0,9,9,NA,NA,9,0,0,0,0,0,0,0,NA,NA,0,2,1,1,0,2,0,0,0,NA,0,18,8,10,7,11,0,0,NA,NA,0,0,0,0,0,0,1,0,1,NA,1,9,0,9,0,9,3,3,0,NA,3
M14 [Patient Services],'14.5',Patients registered at Emergency Department,TOTAL,103304,102348,956,527,102777,237,237,NA,NA,237,5040,5020,20,20,5020,2130,2130,NA,NA,2130,9825,9396,429,0,9825,795,795,0,NA,795,4244,4244,0,NA,4244,1859,1859,NA,NA,1859,381,381,NA,NA,381,0,0,0,NA,0,831,831,NA,NA,831,2999,2569,430,430,2569,1093,1093,NA,NA,1093,2066,2066,NA,NA,2066,6581,6581,0,0,6581,14656,14656,NA,0,14656,6258,6258,0,0,6258,384,384,NA,NA,384,3747,3747,0,NA,3747,2744,2744,NA,NA,2744,5722,5722,0,0,5722,2502,2502,NA,NA,2502,6625,6579,46,46,6579,5471,5471,NA,NA,5471,4494,4494,0,NA,4494,5201,5201,0,NA,5201,4647,4616,31,31,4616,2772,2772,NA,NA,2772
M14 [Patient Services],'14.6.1',"Emergency - Trauma ( accident, injury, poisoning etc)",TOTAL,11384,11223,161,398,10986,166,166,NA,NA,166,637,637,NA,NA,637,155,155,NA,NA,155,203,169,34,0,203,124,124,0,NA,124,598,598,0,NA,598,105,105,NA,NA,105,187,187,NA,NA,187,131,131,0,NA,131,64,64,NA,NA,64,949,887,62,62,887,286,286,NA,NA,286,1085,1085,NA,NA,1085,89,89,0,0,89,1281,1281,NA,288,993,1081,1081,0,0,1081,925,925,NA,NA,925,348,339,9,NA,348,304,304,NA,NA,304,536,536,0,0,536,677,677,NA,NA,677,359,339,20,20,339,60,60,NA,NA,60,325,325,0,NA,325,185,180,5,NA,185,432,401,31,28,404,92,92,NA,NA,92
M14 [Patient Services],'14.6.2',Emergency - Burn,TOTAL,452,441,11,6,446,4,4,NA,NA,4,28,28,NA,NA,28,3,3,NA,NA,3,52,49,3,0,52,0,0,0,NA,0,29,29,0,NA,29,5,5,NA,NA,5,34,34,NA,NA,34,9,9,0,NA,9,3,3,NA,NA,3,6,3,3,3,3,5,5,NA,NA,5,1,1,NA,NA,1,16,16,0,0,16,69,69,NA,2,67,19,19,0,0,19,7,7,NA,NA,7,9,5,4,NA,9,14,14,NA,NA,14,30,30,0,0,30,1,1,NA,NA,1,41,40,1,1,40,2,2,NA,NA,2,13,13,0,NA,13,16,16,0,NA,16,20,20,0,0,20,16,16,NA,NA,16
M14 [Patient Services],'14.6.3',Emergency - Obstetrics complications,TOTAL,5255,5171,84,90,5165,12,12,NA,NA,12,20,0,20,20,0,48,48,NA,NA,48,1619,1589,30,0,1619,42,42,0,NA,42,848,848,0,NA,848,11,11,NA,NA,11,3,3,NA,NA,3,82,82,0,NA,82,13,13,NA,NA,13,24,7,17,17,7,28,28,NA,NA,28,0,0,NA,NA,0,250,250,0,0,250,1485,1485,NA,36,1449,47,47,0,0,47,9,9,NA,NA,9,169,169,0,NA,169,13,13,NA,NA,13,91,91,0,0,91,141,141,NA,NA,141,20,18,2,2,18,0,0,NA,NA,0,146,146,0,NA,146,8,8,0,NA,8,36,21,15,15,21,90,90,NA,NA,90
M14 [Patient Services],'14.6.4',Emergency - Snake Bite,TOTAL,92,90,2,0,92,7,7,NA,NA,7,6,6,NA,NA,6,2,2,NA,NA,2,7,7,0,0,7,0,0,0,NA,0,9,9,0,NA,9,1,1,NA,NA,1,2,2,NA,NA,2,0,0,0,NA,0,0,0,NA,NA,0,4,4,0,0,4,2,2,NA,NA,2,9,9,NA,NA,9,3,3,0,0,3,4,4,NA,0,4,3,3,0,0,3,1,1,NA,NA,1,0,0,0,NA,0,2,2,NA,NA,2,2,2,0,0,2,0,0,NA,NA,0,9,9,0,0,9,0,0,NA,NA,0,14,14,0,NA,14,3,1,2,NA,3,0,0,0,0,0,2,2,NA,NA,2
M14 [Patient Services],'14.6.5',Emergency - Acute Caridiac Emergencies,TOTAL,1031,1002,29,6,1025,1,1,NA,NA,1,24,24,NA,NA,24,7,7,NA,NA,7,41,18,23,0,41,0,0,0,NA,0,26,26,0,NA,26,50,50,NA,NA,50,0,0,NA,NA,0,13,13,0,NA,13,2,2,NA,NA,2,6,0,6,6,0,0,0,NA,NA,0,0,0,NA,NA,0,16,16,0,0,16,27,27,NA,0,27,718,718,0,0,718,0,0,NA,NA,0,24,24,0,NA,24,0,0,NA,NA,0,40,40,0,0,40,2,2,NA,NA,2,0,0,0,0,0,1,1,NA,NA,1,19,19,0,NA,19,0,0,0,NA,0,4,4,0,0,4,10,10,NA,NA,10
M14 [Patient Services],'14.6.7',Emergency - CVA ( Cerebovascular Disease),TOTAL,652,614,38,6,646,5,5,NA,NA,5,24,24,NA,NA,24,17,17,NA,NA,17,100,93,7,0,100,13,13,0,NA,13,39,39,0,NA,39,48,48,NA,NA,48,0,0,NA,NA,0,10,10,0,NA,10,10,10,NA,NA,10,4,0,4,4,0,62,62,NA,NA,62,14,14,NA,NA,14,7,7,0,0,7,9,9,NA,0,9,0,0,0,0,0,18,18,NA,NA,18,30,19,11,NA,30,34,34,NA,NA,34,47,47,0,0,47,12,12,NA,NA,12,86,84,2,2,84,1,1,NA,NA,1,19,19,0,NA,19,13,0,13,NA,13,1,0,1,0,1,29,29,NA,NA,29
M14 [Patient Services],'14.7',Number of deaths occurring at Emergency Department,TOTAL,245,242,3,0,245,7,7,NA,NA,7,9,9,NA,NA,9,4,4,NA,NA,4,3,0,3,0,3,0,0,0,NA,0,0,0,0,NA,0,0,0,NA,NA,0,0,0,NA,NA,0,2,2,0,NA,2,6,6,NA,NA,6,0,0,0,0,0,0,0,NA,NA,0,0,0,NA,NA,0,2,2,0,0,2,134,134,NA,0,134,0,0,0,0,0,0,0,NA,NA,0,0,0,0,NA,0,26,26,NA,NA,26,1,1,0,0,1,0,0,NA,NA,0,3,3,0,0,3,0,0,NA,NA,0,13,13,0,NA,13,24,24,0,NA,24,6,6,0,0,6,5,5,NA,NA,5
M14 [Patient Services],'14.8.1',Operation major (General and spinal anaesthesia),TOTAL,5513,3956,1557,1220,4293,0,0,0,NA,0,256,146,110,110,146,5,5,NA,NA,5,496,408,88,42,454,3,3,0,NA,3,142,56,86,NA,142,55,37,18,NA,55,302,250,52,0,302,920,748,172,172,748,35,35,0,NA,35,405,8,397,397,8,72,72,0,NA,72,13,13,NA,NA,13,240,240,0,0,240,1252,1204,48,51,1201,219,48,171,107,112,117,117,NA,NA,117,131,99,32,0,131,231,231,NA,NA,231,28,28,0,0,28,15,15,NA,NA,15,299,31,268,268,31,1,1,NA,NA,1,53,53,0,0,53,68,26,42,NA,68,155,82,73,73,82,0,0,0,NA,0
M14 [Patient Services],'14.8.2',"Out of Operation major, Gynecology- Hysterectomy surgeries",TOTAL,2102,1296,806,624,1478,0,0,0,NA,0,21,16,5,5,16,2,2,NA,NA,2,67,23,44,23,44,3,3,0,NA,3,32,0,32,NA,32,5,5,NA,NA,5,2,2,NA,0,2,53,15,38,38,15,0,0,0,NA,0,23,0,23,23,0,6,6,0,NA,6,0,0,NA,NA,0,177,91,86,86,91,1089,1043,46,50,1039,219,48,171,107,112,4,4,NA,NA,4,1,0,1,0,1,0,0,NA,NA,0,2,2,0,0,2,2,2,NA,NA,2,297,16,281,281,16,1,1,NA,NA,1,0,0,0,0,0,81,14,67,NA,81,15,3,12,11,4,0,0,0,NA,0
M14 [Patient Services],'14.8.3',"Major Surgeries excluding Obstetrics, Gynaecology and Opthalmology etc.",TOTAL,2632,2632,NA,NA,2632,NA,NA,NA,NA,NA,108,108,NA,NA,108,37,37,NA,NA,37,392,392,NA,NA,392,0,0,NA,NA,0,8,8,NA,NA,8,32,32,NA,NA,32,62,62,NA,NA,62,171,171,NA,NA,171,23,23,NA,NA,23,0,0,NA,NA,0,19,19,NA,NA,19,0,0,NA,NA,0,164,164,NA,NA,164,1026,1026,NA,NA,1026,0,0,NA,NA,0,0,0,NA,NA,0,0,0,NA,NA,0,350,350,NA,NA,350,26,26,NA,NA,26,15,15,NA,NA,15,30,30,NA,NA,30,0,0,NA,NA,0,23,23,NA,NA,23,136,136,NA,NA,136,10,10,NA,NA,10,0,0,NA,NA,0
M14 [Patient Services],'14.8.4',Operation minor (No or local anaesthesia),TOTAL,5372,4494,878,594,4778,179,179,0,NA,179,269,189,80,80,189,24,24,NA,NA,24,972,949,23,0,972,5,5,0,NA,5,24,24,0,NA,24,24,24,NA,NA,24,60,60,NA,0,60,101,43,58,58,43,41,27,14,NA,41,347,238,109,109,238,52,52,0,NA,52,46,46,NA,NA,46,619,611,8,8,611,1085,1075,10,15,1070,65,65,0,0,65,3,3,NA,NA,3,256,4,252,0,256,61,61,NA,NA,61,21,21,0,0,21,0,0,NA,NA,0,532,235,297,297,235,101,101,NA,NA,101,96,96,0,0,96,260,260,0,NA,260,44,17,27,27,17,85,85,0,NA,85
M14 [Patient Services],'14.8.5',Number of post operative Surgical Site infection,TOTAL,54,54,NA,NA,54,0,0,NA,NA,0,0,0,NA,NA,0,NA,NA,NA,NA,NA,2,2,NA,NA,2,0,0,NA,NA,0,1,1,NA,NA,1,1,1,NA,NA,1,0,0,NA,NA,0,NA,NA,NA,NA,NA,0,0,NA,NA,0,0,0,NA,NA,0,1,1,NA,NA,1,0,0,NA,NA,0,43,43,NA,NA,43,0,0,NA,NA,0,4,4,NA,NA,4,0,0,NA,NA,0,0,0,NA,NA,0,0,0,NA,NA,0,0,0,NA,NA,0,0,0,NA,NA,0,0,0,NA,NA,0,2,2,NA,NA,2,0,0,NA,NA,0,0,0,NA,NA,0,0,0,NA,NA,0,0,0,NA,NA,0
M14 [Patient Services],'14.8.6',Number of blood units issued,TOTAL,3263,3205,58,54,3209,0,0,0,NA,0,12,2,10,10,2,0,0,NA,NA,0,1210,1208,2,0,1210,0,0,0,NA,0,4,0,4,NA,4,0,0,NA,NA,0,0,0,NA,0,0,0,0,0,0,0,73,73,0,NA,73,18,8,10,10,8,0,0,0,NA,0,0,0,NA,NA,0,1726,1726,0,0,1726,3,3,0,2,1,0,0,0,0,0,13,13,NA,NA,13,0,0,0,0,0,69,69,NA,NA,69,0,0,0,0,0,0,0,NA,NA,0,30,9,21,21,9,90,90,NA,NA,90,2,2,0,0,2,0,0,0,NA,0,13,2,11,11,2,0,0,0,NA,0
M14 [Patient Services],'14.8.7',Number of blood transfusions done,TOTAL,2820,2776,44,44,2776,0,0,0,NA,0,12,2,10,10,2,0,0,NA,NA,0,780,778,2,2,778,0,0,0,NA,0,0,0,0,NA,0,0,0,NA,NA,0,0,0,NA,0,0,0,0,0,0,0,73,73,0,NA,73,18,8,10,10,8,0,0,0,NA,0,0,0,NA,NA,0,1726,1726,0,0,1726,2,2,0,0,2,0,0,0,0,0,13,13,NA,NA,13,0,0,0,0,0,69,69,NA,NA,69,0,0,0,0,0,0,0,NA,NA,0,26,11,15,15,11,90,90,NA,NA,90,2,2,0,0,2,0,0,0,NA,0,9,2,7,7,2,0,0,0,NA,0
M14 [Patient Services],'14.9.1',Inpatient Deaths - Male,TOTAL,774,727,47,11,763,0,0,0,NA,0,7,7,0,NA,7,17,17,NA,NA,17,33,28,5,0,33,2,2,0,NA,2,17,17,0,NA,17,9,9,NA,NA,9,0,0,0,0,0,244,244,0,0,244,3,3,0,NA,3,4,0,4,4,0,8,8,0,NA,8,5,5,NA,NA,5,61,61,0,0,61,96,96,0,0,96,0,0,0,0,0,33,33,NA,NA,33,42,30,12,0,42,28,28,NA,NA,28,36,36,0,0,36,11,11,NA,NA,11,36,36,0,0,36,10,10,NA,NA,10,21,21,0,0,21,6,1,5,NA,6,33,13,20,7,26,12,11,1,NA,12
M14 [Patient Services],'14.9.2',Inpatient Deaths - Female,TOTAL,486,456,30,6,480,0,0,0,NA,0,1,1,0,NA,1,6,6,NA,NA,6,25,22,3,0,25,7,7,0,NA,7,13,13,0,NA,13,4,4,NA,NA,4,1,1,0,0,1,130,130,0,0,130,0,0,0,NA,0,5,1,4,4,1,13,13,0,NA,13,10,10,NA,NA,10,35,35,0,0,35,51,51,0,0,51,0,0,0,0,0,9,9,NA,NA,9,40,31,9,0,40,24,24,NA,NA,24,24,24,0,0,24,9,9,NA,NA,9,40,40,0,0,40,4,4,NA,NA,4,11,11,0,0,11,5,0,5,NA,5,16,7,9,2,14,3,3,0,NA,3
M14 [Patient Services],'14.10',In-Patient Head Count at midnight,TOTAL,140880,135933,4947,590,140290,550,550,0,NA,550,5453,5453,0,NA,5453,4178,4178,NA,NA,4178,7018,5878,1140,0,7018,1332,1332,0,NA,1332,7984,7984,0,NA,7984,3949,3949,NA,NA,3949,7457,7457,NA,0,7457,2015,1906,109,0,2015,2589,2589,0,NA,2589,5222,5222,0,0,5222,9546,9546,0,NA,9546,3776,3776,NA,NA,3776,928,928,0,0,928,13036,13036,0,590,12446,3027,3019,8,0,3027,4846,4846,NA,NA,4846,7809,5115,2694,0,7809,5594,5594,NA,NA,5594,6392,6325,67,0,6392,3639,3639,NA,NA,3639,9865,9760,105,0,9865,7098,7098,NA,NA,7098,5971,5971,0,0,5971,4430,4396,34,NA,4430,6716,5990,726,0,6716,460,396,64,NA,460
M14 [Patient Services],'14.11',Number of Admission in NBSU ( New Born Stabilisation Unit),TOTAL,862,761,101,4,858,5,5,0,NA,5,34,34,0,NA,34,19,19,NA,NA,19,112,112,0,0,112,5,5,0,NA,5,23,23,0,NA,23,7,7,NA,NA,7,17,17,NA,0,17,31,31,0,4,27,4,4,0,NA,4,16,16,0,0,16,15,15,0,NA,15,11,11,NA,NA,11,33,33,0,0,33,3,3,0,0,3,29,29,0,0,29,0,0,NA,NA,0,199,98,101,0,199,11,11,NA,NA,11,51,51,0,0,51,53,53,NA,NA,53,53,53,0,0,53,9,9,NA,NA,9,50,50,0,0,50,33,33,0,NA,33,28,28,0,0,28,11,11,0,NA,11
M14 [Patient Services],'14.12.1',Special Newborn Care Unit (SNCU Admissions) - Inborn Male,TOTAL,1986,1962,24,0,1986,13,13,NA,NA,13,179,179,NA,NA,179,27,27,NA,NA,27,152,152,0,0,152,0,0,0,NA,0,111,87,24,NA,111,61,61,NA,NA,61,46,46,NA,NA,46,204,204,0,NA,204,19,19,NA,NA,19,52,52,NA,NA,52,73,73,0,NA,73,57,57,NA,NA,57,148,148,0,0,148,335,335,NA,0,335,0,0,0,0,0,26,26,NA,NA,26,22,22,0,0,22,0,0,NA,NA,0,75,75,0,0,75,23,23,NA,NA,23,83,83,0,0,83,63,63,NA,NA,63,41,41,0,NA,41,124,124,0,NA,124,49,49,0,0,49,3,3,NA,NA,3
M14 [Patient Services],'14.12.2',Special Newborn Care Unit (SNCU Admissions) - Inborn Female,TOTAL,1418,1405,13,0,1418,10,10,NA,NA,10,125,125,NA,NA,125,26,26,NA,NA,26,106,106,0,0,106,0,0,0,NA,0,75,62,13,NA,75,39,39,NA,NA,39,34,34,NA,NA,34,167,167,0,NA,167,7,7,NA,NA,7,34,34,NA,NA,34,33,33,0,NA,33,29,29,NA,NA,29,127,127,0,0,127,261,261,NA,0,261,0,0,0,0,0,8,8,NA,NA,8,21,21,0,0,21,0,0,NA,NA,0,35,35,0,0,35,23,23,NA,NA,23,58,58,0,0,58,43,43,NA,NA,43,35,35,0,NA,35,91,91,0,NA,91,31,31,0,0,31,0,0,NA,NA,0
M14 [Patient Services],'14.12.3',Outborn – Male,TOTAL,1209,1208,1,0,1209,5,5,NA,NA,5,71,71,NA,NA,71,15,15,NA,NA,15,142,142,0,0,142,0,0,0,NA,0,47,46,1,NA,47,25,25,NA,NA,25,68,68,NA,NA,68,99,99,0,NA,99,1,1,NA,NA,1,51,51,NA,NA,51,36,36,0,NA,36,35,35,NA,NA,35,52,52,0,0,52,205,205,NA,0,205,0,0,0,0,0,6,6,NA,NA,6,50,50,0,0,50,28,28,NA,NA,28,27,27,0,0,27,19,19,NA,NA,19,83,83,0,0,83,18,18,NA,NA,18,19,19,0,NA,19,65,65,0,NA,65,32,32,0,0,32,10,10,NA,NA,10
M14 [Patient Services],'14.12.4',Outborn - Female,TOTAL,750,749,1,0,750,2,2,NA,NA,2,36,36,NA,NA,36,17,17,NA,NA,17,83,83,0,0,83,0,0,0,NA,0,29,28,1,NA,29,15,15,NA,NA,15,39,39,NA,NA,39,55,55,0,NA,55,3,3,NA,NA,3,22,22,NA,NA,22,26,26,0,NA,26,23,23,NA,NA,23,44,44,0,0,44,143,143,NA,0,143,0,0,0,0,0,6,6,NA,NA,6,36,36,0,0,36,14,14,NA,NA,14,11,11,0,0,11,9,9,NA,NA,9,66,66,0,0,66,18,18,NA,NA,18,6,6,0,NA,6,29,29,0,NA,29,12,12,0,0,12,6,6,NA,NA,6
M14 [Patient Services],'14.12.5',Number of newborns admitted in SNCU - referred by ASHA,TOTAL,350,350,0,0,350,7,7,NA,NA,7,0,0,NA,NA,0,50,50,NA,NA,50,42,42,0,0,42,0,0,0,NA,0,54,54,0,NA,54,40,40,NA,NA,40,0,0,NA,NA,0,0,0,0,NA,0,0,0,NA,NA,0,15,15,NA,NA,15,0,0,0,NA,0,0,0,NA,NA,0,0,0,0,0,0,0,0,NA,0,0,0,0,0,0,0,1,1,NA,NA,1,0,0,0,0,0,39,39,NA,NA,39,0,0,0,0,0,10,10,NA,NA,10,44,44,0,0,44,0,0,NA,NA,0,0,0,0,NA,0,7,7,0,NA,7,41,41,0,0,41,0,0,NA,NA,0
M14 [Patient Services],'14.13',Number of deaths occurring at SNCU,TOTAL,495,495,0,0,495,0,0,NA,NA,0,59,59,NA,NA,59,6,6,NA,NA,6,27,27,0,0,27,0,0,0,NA,0,13,13,0,NA,13,7,7,NA,NA,7,23,23,NA,NA,23,38,38,0,NA,38,1,1,NA,NA,1,11,11,NA,NA,11,22,22,0,NA,22,5,5,NA,NA,5,41,41,0,0,41,128,128,NA,0,128,0,0,0,0,0,0,0,NA,NA,0,18,18,0,0,18,7,7,NA,NA,7,19,19,0,0,19,4,4,NA,NA,4,19,19,0,0,19,1,1,NA,NA,1,6,6,0,NA,6,24,24,0,NA,24,15,15,0,0,15,1,1,NA,NA,1
M14 [Patient Services],'14.14.1',Number of children admitted in NRC,TOTAL,130,127,3,0,130,0,0,0,NA,0,6,6,0,NA,6,2,2,NA,NA,2,4,4,0,0,4,0,0,0,NA,0,10,10,0,NA,10,3,3,NA,NA,3,10,10,NA,0,10,7,7,0,0,7,0,0,0,NA,0,8,8,0,0,8,5,5,0,NA,5,3,3,NA,NA,3,11,11,0,0,11,7,7,0,0,7,0,0,0,0,0,3,3,NA,NA,3,11,11,0,0,11,9,9,NA,NA,9,5,5,0,0,5,4,4,NA,NA,4,13,13,0,0,13,4,4,NA,NA,4,0,0,0,0,0,3,0,3,NA,3,0,0,0,0,0,2,2,0,NA,2
M14 [Patient Services],'14.14.2',Number of children discharged with target weight gain from the NRCs,TOTAL,114,114,0,0,114,0,0,0,NA,0,0,0,0,NA,0,6,6,NA,NA,6,7,7,0,0,7,0,0,0,NA,0,8,8,0,NA,8,1,1,NA,NA,1,9,9,NA,0,9,7,7,0,0,7,0,0,0,NA,0,6,6,0,0,6,9,9,0,NA,9,0,0,NA,NA,0,12,12,0,0,12,3,3,0,0,3,0,0,0,0,0,1,1,NA,NA,1,11,11,0,0,11,5,5,NA,NA,5,5,5,0,0,5,6,6,NA,NA,6,15,15,0,0,15,2,2,NA,NA,2,0,0,0,0,0,0,0,0,NA,0,0,0,0,NA,0,1,1,0,NA,1
M14 [Patient Services],'14.15',Number of Rogi Kalyan Samiti (RKS) meetings held,TOTAL,2326,2319,7,19,2307,2024,2024,0,NA,2024,5,5,0,NA,5,3,3,NA,NA,3,3,3,0,0,3,8,8,0,NA,8,4,4,0,NA,4,3,3,NA,NA,3,27,27,NA,0,27,8,6,2,1,7,4,4,NA,NA,4,10,10,0,2,8,13,13,0,NA,13,3,3,NA,NA,3,22,22,0,0,22,20,20,0,13,7,11,11,0,0,11,26,26,NA,2,24,5,5,0,0,5,32,32,NA,NA,32,3,3,0,0,3,3,3,0,NA,3,27,27,0,1,26,14,14,NA,NA,14,15,11,4,0,15,16,16,0,NA,16,9,8,1,NA,9,8,8,0,NA,8
M14 [Patient Services],'14.16',Number of Anganwadi centres/ UPHCs reported to have conducted Village Health & Nutrition Day (VHNDs)/ Urban Health & Nutrition Day (UHNDs)/ Outreach / Special Outreach,TOTAL,26614,25999,615,903,25711,807,807,0,NA,807,1206,1202,4,NA,1206,585,585,NA,5,580,1579,1565,14,41,1538,483,483,0,NA,483,860,858,2,NA,860,663,663,NA,NA,663,1562,1532,30,5,1557,1026,878,148,75,951,259,259,0,NA,259,816,814,2,45,771,1022,1022,0,NA,1022,617,617,NA,NA,617,1004,1004,0,39,965,635,635,0,439,196,1531,1531,0,NA,1531,1117,1117,NA,33,1084,1146,1146,0,40,1106,949,949,NA,NA,949,883,865,18,45,838,890,889,1,NA,890,2091,2074,17,61,2030,578,578,NA,NA,578,1039,961,78,27,1012,1653,1473,180,NA,1653,924,832,92,48,876,689,660,29,NA,689
M14 [Patient Services],'14.17',Stock out rate of essential Drugs,TOTAL,2088,2088,NA,NA,2088,NA,NA,NA,NA,NA,88,88,NA,NA,88,19,19,NA,NA,19,8,8,NA,NA,8,25,25,NA,NA,25,14,14,NA,NA,14,NA,NA,NA,NA,NA,1666,1666,NA,NA,1666,NA,NA,NA,NA,NA,6,6,NA,NA,6,26,26,NA,NA,26,33,33,NA,NA,33,8,8,NA,NA,8,17,17,NA,NA,17,0,0,NA,NA,0,7,7,NA,NA,7,80,80,NA,NA,80,NA,NA,NA,NA,NA,3,3,NA,NA,3,9,9,NA,NA,9,12,12,NA,NA,12,1,1,NA,NA,1,NA,NA,NA,NA,NA,8,8,NA,NA,8,46,46,NA,NA,46,8,8,NA,NA,8,4,4,NA,NA,4
M14 [Patient Services],'14.18',Blood Units Issued on replacement (Family Donors to be considered as replacement donations),TOTAL,5637,5637,NA,NA,5637,1,1,NA,NA,1,320,320,NA,NA,320,208,208,NA,NA,208,472,472,NA,NA,472,NA,NA,NA,NA,NA,270,270,NA,NA,270,112,112,NA,NA,112,12,12,NA,NA,12,NA,NA,NA,NA,NA,73,73,NA,NA,73,277,277,NA,NA,277,319,319,NA,NA,319,57,57,NA,NA,57,456,456,NA,NA,456,1252,1252,NA,NA,1252,0,0,NA,NA,0,48,48,NA,NA,48,77,77,NA,NA,77,281,281,NA,NA,281,16,16,NA,NA,16,148,148,NA,NA,148,633,633,NA,NA,633,472,472,NA,NA,472,52,52,NA,NA,52,51,51,NA,NA,51,30,30,NA,NA,30,0,0,NA,NA,0
M14 [Patient Services],'14.19',Total number of blood units issued in year,TOTAL,11916,11916,NA,NA,11916,1,1,NA,NA,1,536,536,NA,NA,536,217,217,NA,NA,217,1421,1421,NA,NA,1421,NA,NA,NA,NA,NA,336,336,NA,NA,336,125,125,NA,NA,125,384,384,NA,NA,384,NA,NA,NA,NA,NA,73,73,NA,NA,73,282,282,NA,NA,282,521,521,NA,NA,521,61,61,NA,NA,61,1855,1855,NA,NA,1855,3518,3518,NA,NA,3518,0,0,NA,NA,0,206,206,NA,NA,206,157,157,NA,NA,157,278,278,NA,NA,278,386,386,NA,NA,386,159,159,NA,NA,159,NA,NA,NA,NA,NA,495,495,NA,NA,495,342,342,NA,NA,342,339,339,NA,NA,339,224,224,NA,NA,224,0,0,NA,NA,0
M14 [Patient Services],'14.20',Patient Satisfaction Score of the facility in percentage (from Mera Aspatal),TOTAL,142,142,NA,NA,142,142,142,NA,NA,142,NA,NA,NA,NA,NA,NA,NA,NA,NA,NA,NA,NA,NA,NA,NA,NA,NA,NA,NA,NA,0,0,NA,NA,0,NA,NA,NA,NA,NA,NA,NA,NA,NA,NA,NA,NA,NA,NA,NA,0,0,NA,NA,0,NA,NA,NA,NA,NA,NA,NA,NA,NA,NA,NA,NA,NA,NA,NA,0,0,NA,NA,0,0,0,NA,NA,0,NA,NA,NA,NA,NA,0,0,NA,NA,0,NA,NA,NA,NA,NA,0,0,NA,NA,0,NA,NA,NA,NA,NA,NA,NA,NA,NA,NA,NA,NA,NA,NA,NA,NA,NA,NA,NA,NA,NA,NA,NA,NA,NA,NA,NA,NA,NA,NA,NA,NA,NA,NA,NA,NA,NA,NA,NA,NA
M15 [Laboratory Testing],'15.1',Number of Lab Tests done,TOTAL,1189199,1130217,58982,46567,1142632,21407,21377,30,NA,21407,80593,79457,1136,294,80299,36618,36618,0,2047,34571,79860,70770,9090,1083,78777,21347,16542,4805,NA,21347,32528,31586,942,NA,32528,24400,24400,0,NA,24400,21713,21187,526,286,21427,53113,51307,1806,2105,51008,2040,2010,30,NA,2040,46571,32294,14277,14250,32321,29092,28770,322,NA,29092,20510,20510,NA,NA,20510,70049,70040,9,172,69877,194489,184638,9851,21848,172641,67294,67286,8,0,67294,16543,16509,34,177,16366,39612,30730,8882,0,39612,20389,20389,NA,NA,20389,32661,31750,911,383,32278,28732,28732,0,NA,28732,74837,74509,328,133,74704,41734,41734,0,NA,41734,31154,30564,590,268,30886,59154,58562,592,99,59055,29525,24853,4672,3422,26103,13234,13093,141,NA,13234
M15 [Laboratory Testing],'15.2.1',Number of Hb tests conducted,TOTAL,208284,197002,11282,7471,200813,5091,5004,87,NA,5091,14549,14167,382,NA,14549,3816,3816,NA,35,3781,17809,15943,1866,421,17388,2310,2189,121,NA,2310,8513,8336,177,NA,8513,4514,4514,NA,NA,4514,12627,12139,488,232,12395,7700,5713,1987,1458,6242,1270,1241,29,NA,1270,10678,8684,1994,2087,8591,4735,4634,101,NA,4735,6366,6366,NA,NA,6366,7349,7342,7,99,7250,11433,11285,148,1818,9615,10825,10817,8,0,10825,4076,4076,NA,29,4047,11491,10363,1128,0,11491,2580,2580,NA,NA,2580,5411,5245,166,84,5327,5735,5735,0,NA,5735,18462,18342,120,6,18456,6716,6716,NA,NA,6716,4406,4107,299,48,4358,9394,8929,465,45,9349,6726,5155,1571,1109,5617,3702,3564,138,NA,3702
M15 [Laboratory Testing],'15.2.2',"Out of the total number of Hb tests done, Number having Hb < 7 mg",TOTAL,3116,2589,527,369,2747,34,32,2,NA,34,207,197,10,NA,207,23,23,NA,0,23,424,365,59,0,424,156,156,0,NA,156,51,51,0,NA,51,39,39,NA,NA,39,168,168,0,10,158,252,76,176,170,82,47,39,8,NA,47,70,29,41,43,27,66,66,0,NA,66,40,40,NA,NA,40,65,65,0,0,65,101,101,0,27,74,76,76,0,0,76,41,41,NA,NA,41,269,205,64,0,269,82,82,NA,NA,82,25,19,6,1,24,229,229,0,NA,229,99,98,1,0,99,29,29,NA,NA,29,41,41,0,0,41,194,175,19,3,191,222,83,139,115,107,66,64,2,NA,66
M15 [Laboratory Testing],'15.3.1.a',Male HIV - Number Tested,TOTAL,9354,8846,508,439,8915,136,136,0,NA,136,424,424,0,NA,424,302,302,NA,NA,302,1358,1300,58,0,1358,57,51,6,NA,57,45,45,0,NA,45,218,213,5,NA,218,119,102,17,0,119,903,903,0,0,903,69,58,11,NA,69,390,161,229,229,161,252,252,0,NA,252,135,135,NA,NA,135,416,416,0,0,416,1537,1517,20,118,1419,543,543,0,0,543,212,212,NA,NA,212,326,249,77,0,326,298,298,NA,NA,298,121,121,0,0,121,90,90,0,NA,90,346,346,0,0,346,285,285,NA,NA,285,159,159,0,14,145,393,393,0,NA,393,177,95,82,78,99,43,40,3,NA,43
M15 [Laboratory Testing],'15.3.1.b',Male HIV - Number Positive,TOTAL,90,88,2,4,86,2,2,0,NA,2,3,3,0,NA,3,0,0,NA,0,0,19,19,0,0,19,0,0,0,NA,0,0,0,0,NA,0,0,0,NA,NA,0,0,0,0,0,0,6,6,0,0,6,0,0,0,NA,0,3,1,2,2,1,0,0,0,NA,0,0,0,NA,NA,0,5,5,0,0,5,27,27,0,2,25,3,3,0,0,3,0,0,NA,NA,0,7,7,0,0,7,1,1,NA,NA,1,1,1,0,0,1,1,1,0,NA,1,6,6,0,0,6,1,1,NA,NA,1,1,1,0,0,1,3,3,0,NA,3,1,1,0,0,1,0,0,0,NA,0
M15 [Laboratory Testing],'15.3.2.a',Female Non ANC HIV - Number Tested,TOTAL,8203,7349,854,840,7363,88,88,0,NA,88,541,541,0,NA,541,143,143,NA,0,143,816,440,376,352,464,106,106,0,NA,106,185,185,0,NA,185,183,179,4,NA,183,405,405,0,0,405,456,456,0,0,456,49,39,10,NA,49,726,353,373,373,353,273,273,0,NA,273,91,91,NA,NA,91,330,330,0,0,330,1037,1012,25,60,977,339,339,0,0,339,197,197,NA,NA,197,119,119,0,0,119,270,270,NA,NA,270,316,316,0,0,316,212,212,0,NA,212,236,235,1,0,236,218,218,NA,NA,218,208,208,0,6,202,463,463,0,NA,463,162,104,58,49,113,34,27,7,NA,34
M15 [Laboratory Testing],'15.3.2.b',Female Non ANC HIV - Number Positive,TOTAL,47,47,0,0,47,1,1,0,NA,1,1,1,0,NA,1,2,2,NA,0,2,4,4,0,0,4,0,0,0,NA,0,0,0,0,NA,0,0,0,NA,NA,0,0,0,0,0,0,0,0,0,0,0,0,0,0,NA,0,0,0,0,0,0,0,0,0,NA,0,0,0,NA,NA,0,1,1,0,0,1,6,6,0,0,6,1,1,0,0,1,0,0,NA,NA,0,3,3,0,0,3,18,18,NA,NA,18,0,0,0,0,0,2,2,0,NA,2,4,4,0,0,4,2,2,NA,NA,2,0,0,0,0,0,2,2,0,NA,2,0,0,0,0,0,0,0,0,NA,0
M15 [Laboratory Testing],'15.3.3.a',Number of pregnant women screened for HIV,TOTAL,44043,42472,1571,1016,43027,1023,1019,4,NA,1023,2871,2810,61,NA,2871,958,958,NA,0,958,3329,2836,493,8,3321,385,385,0,NA,385,1279,1258,21,NA,1279,999,999,NA,NA,999,3688,3524,164,86,3602,1522,1488,34,93,1429,242,242,0,NA,242,1675,1477,198,185,1490,1060,1051,9,NA,1060,1434,1434,NA,NA,1434,1609,1609,0,38,1571,1804,1777,27,437,1367,2087,2079,8,0,2087,1256,1256,NA,16,1240,3249,3026,223,0,3249,1465,1465,NA,NA,1465,1269,1238,31,20,1249,1023,1023,0,NA,1023,3602,3599,3,0,3602,1067,1067,NA,NA,1067,1055,1034,21,26,1029,1864,1843,21,NA,1864,1233,1004,229,107,1126,995,971,24,NA,995
M15 [Laboratory Testing],'15.3.3.b',"Out of the above, number screened positive",TOTAL,20,20,0,0,20,1,1,0,NA,1,1,1,0,NA,1,0,0,NA,0,0,1,1,0,0,1,0,0,0,NA,0,1,1,0,NA,1,0,0,NA,NA,0,0,0,0,0,0,0,0,0,0,0,0,0,0,NA,0,0,0,0,0,0,0,0,0,NA,0,0,0,NA,NA,0,0,0,0,0,0,2,2,0,0,2,0,0,0,0,0,2,2,NA,NA,2,8,8,0,0,8,0,0,NA,NA,0,0,0,0,0,0,2,2,0,NA,2,0,0,0,0,0,0,0,NA,NA,0,0,0,0,0,0,2,2,0,NA,2,0,0,0,0,0,0,0,0,NA,0
M15 [Laboratory Testing],'15.3.3.c',"Out of the above number screened positive, number confirmed with HIV infection at Integrated Counselling and Testing Centre (ICTC)",TOTAL,13,13,0,0,13,1,1,0,NA,1,0,0,0,NA,0,0,0,NA,0,0,1,1,0,0,1,0,0,0,NA,0,1,1,0,NA,1,0,0,NA,NA,0,0,0,0,0,0,0,0,0,0,0,0,0,0,NA,0,0,0,0,0,0,0,0,0,NA,0,0,0,NA,NA,0,0,0,0,0,0,2,2,0,0,2,0,0,0,0,0,0,0,NA,NA,0,6,6,0,0,6,0,0,NA,NA,0,0,0,0,0,0,1,1,0,NA,1,0,0,0,0,0,0,0,NA,NA,0,0,0,0,0,0,1,1,0,NA,1,0,0,0,0,0,0,0,0,NA,0
M15 [Laboratory Testing],'15.3.4.a',Number of Male STI/RTI attendees tested for syphilis,TOTAL,3349,3248,101,119,3230,56,56,0,NA,56,37,37,0,NA,37,90,90,NA,NA,90,517,507,10,1,516,22,22,0,NA,22,10,10,0,NA,10,93,93,NA,NA,93,280,264,16,0,280,66,66,0,0,66,63,63,0,NA,63,71,62,9,9,62,5,5,0,NA,5,123,123,NA,NA,123,382,382,0,0,382,151,128,23,44,107,35,35,0,0,35,146,146,NA,16,130,221,221,0,0,221,132,132,NA,NA,132,191,191,0,0,191,101,101,0,NA,101,331,331,0,0,331,58,58,NA,NA,58,49,49,0,19,30,4,0,4,NA,4,82,52,30,30,52,33,24,9,NA,33
M15 [Laboratory Testing],'15.3.4.b',Number of Male STI/RTI attendees found sero Positive for syphilis,TOTAL,50,50,0,0,50,0,0,0,NA,0,0,0,0,NA,0,4,4,NA,NA,4,2,2,0,0,2,0,0,0,NA,0,0,0,0,NA,0,26,26,NA,NA,26,1,1,0,0,1,1,1,0,0,1,0,0,0,NA,0,0,0,0,0,0,0,0,0,NA,0,0,0,NA,NA,0,1,1,0,0,1,13,13,0,0,13,2,2,0,0,2,0,0,NA,NA,0,0,0,0,0,0,0,0,NA,NA,0,0,0,0,0,0,0,0,0,NA,0,0,0,0,0,0,0,0,NA,NA,0,0,0,0,0,0,0,0,0,NA,0,0,0,0,0,0,0,0,0,NA,0
M15 [Laboratory Testing],'15.3.4.c',Number of Female (Non ANC)STI/RTI attendees tested for syphilis,TOTAL,2474,2340,134,141,2333,9,9,0,NA,9,102,92,10,10,92,42,42,NA,NA,42,154,150,4,1,153,4,4,0,NA,4,67,67,0,NA,67,119,119,NA,NA,119,3,3,0,0,3,43,43,0,0,43,42,42,0,NA,42,141,56,85,85,56,7,7,0,NA,7,275,275,NA,NA,275,548,548,0,0,548,109,86,23,37,72,26,26,0,0,26,55,55,NA,NA,55,2,2,0,0,2,128,128,NA,NA,128,0,0,0,0,0,60,60,0,NA,60,269,269,0,0,269,96,96,NA,NA,96,26,26,0,0,26,1,1,0,NA,1,131,123,8,8,123,15,11,4,NA,15
M15 [Laboratory Testing],'15.3.4.d',Number of Female (Non ANC) STI/RTI attendees found sero Positive for syphilis,TOTAL,57,57,0,0,57,0,0,0,NA,0,0,0,0,NA,0,0,0,NA,NA,0,2,2,0,0,2,0,0,0,NA,0,0,0,0,NA,0,0,0,NA,NA,0,0,0,0,0,0,1,1,0,0,1,0,0,0,NA,0,0,0,0,0,0,0,0,0,NA,0,0,0,NA,NA,0,0,0,0,0,0,3,3,0,0,3,1,1,0,0,1,0,0,NA,NA,0,0,0,0,0,0,0,0,NA,NA,0,0,0,0,0,0,0,0,0,NA,0,0,0,0,0,0,0,0,NA,NA,0,50,50,0,0,50,0,0,0,NA,0,0,0,0,0,0,0,0,0,NA,0
M15 [Laboratory Testing],'15.4.1',Widal tests - Number Tested,TOTAL,13094,11937,1157,790,12304,268,268,0,NA,268,665,653,12,12,653,337,337,NA,NA,337,677,416,261,78,599,869,869,0,NA,869,244,197,47,NA,244,217,206,11,NA,217,927,880,47,0,927,50,50,0,0,50,369,368,1,NA,369,1174,991,183,217,957,260,222,38,NA,260,501,501,NA,NA,501,155,155,0,0,155,526,410,116,234,292,433,433,0,0,433,478,478,NA,7,471,560,531,29,0,560,322,322,NA,NA,322,416,348,68,1,415,399,399,0,NA,399,992,980,12,19,973,502,502,NA,NA,502,170,166,4,0,170,503,447,56,NA,503,348,121,227,222,126,732,687,45,NA,732
M15 [Laboratory Testing],'15.4.2',Widal tests - Number Positive,TOTAL,1421,1261,160,132,1289,13,13,0,NA,13,82,80,2,2,80,62,62,NA,NA,62,73,55,18,2,71,43,43,0,NA,43,10,5,5,NA,10,21,20,1,NA,21,163,163,0,0,163,8,8,0,0,8,10,10,0,NA,10,193,162,31,33,160,1,0,1,NA,1,97,97,NA,NA,97,7,7,0,0,7,59,30,29,37,22,28,28,0,0,28,59,59,NA,NA,59,55,53,2,0,55,28,28,NA,NA,28,44,41,3,0,44,35,35,0,NA,35,17,17,0,0,17,87,87,NA,NA,87,3,3,0,0,3,37,28,9,NA,37,92,34,58,58,34,94,93,1,NA,94
M15 [Laboratory Testing],'15.5.1',Radiology - X-ray,TOTAL,78314,73255,5059,3102,75212,1197,1197,NA,NA,1197,2145,2145,NA,NA,2145,876,876,NA,NA,876,7952,7528,424,17,7935,821,791,30,NA,821,3311,2826,485,NA,3311,1076,1021,55,NA,1076,1249,1249,NA,NA,1249,3916,3496,420,420,3496,498,498,NA,NA,498,3458,1707,1751,1751,1707,3422,3422,NA,NA,3422,4130,4130,NA,NA,4130,4727,4727,0,0,4727,9926,9926,NA,283,9643,3422,3422,0,0,3422,1049,1049,NA,NA,1049,3661,2693,968,7,3654,1302,1302,NA,NA,1302,1155,1155,0,0,1155,1416,1416,NA,NA,1416,4081,4081,0,0,4081,3296,3296,NA,NA,3296,1777,1777,0,NA,1777,3606,3314,292,NA,3606,2916,2282,634,624,2292,1929,1929,NA,NA,1929
M15 [Laboratory Testing],'15.5.2',Radiology - Ultrasonography (USG),TOTAL,21685,21685,NA,NA,21685,310,310,NA,NA,310,2602,2602,NA,NA,2602,NA,NA,NA,NA,NA,3913,3913,NA,NA,3913,NA,NA,NA,NA,NA,33,33,NA,NA,33,184,184,NA,NA,184,809,809,NA,NA,809,3343,3343,NA,NA,3343,206,206,NA,NA,206,12,12,NA,NA,12,428,428,NA,NA,428,0,0,NA,NA,0,2106,2106,NA,NA,2106,1923,1923,NA,NA,1923,198,198,NA,NA,198,218,218,NA,NA,218,263,263,NA,NA,263,262,262,NA,NA,262,247,247,NA,NA,247,812,812,NA,NA,812,704,704,NA,NA,704,212,212,NA,NA,212,901,901,NA,NA,901,1795,1795,NA,NA,1795,23,23,NA,NA,23,181,181,NA,NA,181
M16 [Details of deaths reported with probable causes:],'16.1',Infant deaths within 24 hrs(1 to 23 Hrs) of birth,TOTAL,194,192,2,0,194,2,2,0,NA,2,9,9,0,NA,9,2,2,NA,NA,2,18,17,1,0,18,5,5,0,NA,5,7,7,0,NA,7,2,2,NA,NA,2,20,20,0,0,20,7,7,0,0,7,1,1,0,NA,1,3,3,0,0,3,9,9,0,NA,9,3,3,NA,NA,3,2,1,1,0,2,34,34,NA,0,34,1,1,0,0,1,3,3,NA,NA,3,16,16,0,0,16,13,13,NA,NA,13,4,4,0,0,4,2,2,0,NA,2,14,14,0,0,14,4,4,0,NA,4,2,2,0,0,2,6,6,0,NA,6,3,3,0,NA,3,2,2,0,NA,2
M16 [Details of deaths reported with probable causes:],'16.2.1',Infant Deaths up to 4 weeks due to Sepsis,TOTAL,121,119,2,1,120,0,0,0,NA,0,4,4,0,NA,4,1,1,NA,NA,1,4,4,0,0,4,0,0,0,NA,0,3,3,0,NA,3,0,0,NA,NA,0,6,6,0,0,6,5,5,0,0,5,0,0,0,NA,0,2,2,0,0,2,15,15,0,NA,15,1,1,NA,NA,1,14,14,0,0,14,48,48,NA,0,48,0,0,0,0,0,1,1,NA,NA,1,3,3,0,0,3,0,0,NA,NA,0,2,2,0,0,2,0,0,0,NA,0,6,5,1,1,5,0,0,0,NA,0,0,0,0,0,0,6,5,1,NA,6,0,0,0,NA,0,0,0,0,NA,0
M16 [Details of deaths reported with probable causes:],'16.2.2',Infant Deaths up to 4 weeks due to Asphyxia,TOTAL,315,312,3,1,314,1,1,0,NA,1,50,50,0,NA,50,3,3,NA,NA,3,2,2,0,0,2,0,0,0,NA,0,4,4,0,NA,4,4,4,NA,NA,4,13,12,1,0,13,14,14,0,0,14,1,1,0,NA,1,7,7,0,1,6,5,5,0,NA,5,2,2,NA,NA,2,12,12,0,0,12,119,119,NA,0,119,4,4,0,0,4,0,0,NA,NA,0,15,13,2,0,15,4,4,NA,NA,4,7,7,0,0,7,6,6,0,NA,6,10,10,0,0,10,5,5,0,NA,5,4,4,0,0,4,13,13,0,NA,13,8,8,0,NA,8,2,2,0,NA,2
M16 [Details of deaths reported with probable causes:],'16.2.3',Infant Deaths up to 4 weeks due to Other causes,TOTAL,565,545,20,11,554,9,9,0,NA,9,52,52,0,NA,52,19,10,9,9,10,4,4,0,0,4,9,9,0,NA,9,11,11,0,NA,11,12,12,NA,NA,12,60,58,2,0,60,21,21,0,0,21,2,2,0,NA,2,14,14,0,0,14,12,12,0,NA,12,6,6,NA,NA,6,23,23,0,0,23,86,86,NA,0,86,22,22,0,0,22,6,6,NA,NA,6,47,45,2,0,47,24,24,NA,NA,24,6,6,0,0,6,18,18,0,NA,18,50,47,3,2,48,8,8,0,NA,8,5,5,0,0,5,29,26,3,NA,29,3,2,1,NA,3,7,7,0,NA,7
M16 [Details of deaths reported with probable causes:],'16.3.1',Number of Infant Deaths (1 -12 months) due to Pneumonia,TOTAL,149,147,2,1,148,6,6,0,NA,6,6,6,0,NA,6,1,1,NA,NA,1,2,2,0,0,2,2,2,0,NA,2,3,3,0,NA,3,2,2,NA,NA,2,24,24,0,0,24,1,1,0,0,1,0,0,0,NA,0,8,8,0,1,7,2,2,0,NA,2,6,6,NA,NA,6,1,1,0,0,1,16,16,NA,0,16,7,7,0,0,7,3,3,NA,NA,3,13,13,0,0,13,3,3,NA,NA,3,4,4,0,0,4,6,6,0,NA,6,17,16,1,0,17,4,3,1,NA,4,1,1,0,0,1,5,5,0,NA,5,0,0,0,NA,0,6,6,0,NA,6
M16 [Details of deaths reported with probable causes:],'16.3.2',Number of Infant Deaths (1 -12 months) due to Diarrhoea,TOTAL,1,1,0,0,1,0,0,0,NA,0,0,0,0,NA,0,0,0,NA,NA,0,0,0,0,0,0,0,0,0,NA,0,0,0,0,NA,0,0,0,NA,NA,0,0,0,0,0,0,0,0,0,0,0,0,0,0,NA,0,0,0,0,0,0,0,0,0,NA,0,1,1,NA,NA,1,0,0,0,0,0,0,0,NA,0,0,0,0,0,0,0,0,0,NA,NA,0,0,0,0,0,0,0,0,NA,NA,0,0,0,0,0,0,0,0,0,NA,0,0,0,0,0,0,0,0,0,NA,0,0,0,0,0,0,0,0,0,NA,0,0,0,0,NA,0,0,0,0,NA,0
M16 [Details of deaths reported with probable causes:],'16.3.3',Number of Infant Deaths (1 -12 months) due to Fever related,TOTAL,51,50,1,0,51,4,4,0,NA,4,0,0,0,NA,0,2,2,NA,NA,2,0,0,0,0,0,2,2,0,NA,2,0,0,0,NA,0,5,5,NA,NA,5,1,1,0,0,1,0,0,0,0,0,0,0,0,NA,0,2,2,0,0,2,0,0,0,NA,0,0,0,NA,NA,0,0,0,0,0,0,6,6,NA,0,6,1,1,0,0,1,2,2,NA,NA,2,9,8,1,0,9,5,5,NA,NA,5,1,1,0,0,1,5,5,0,NA,5,6,6,0,0,6,0,0,0,NA,0,0,0,0,0,0,0,0,0,NA,0,0,0,0,NA,0,0,0,0,NA,0
M16 [Details of deaths reported with probable causes:],'16.3.4',Number of Infant Deaths (1 -12 months) due to Measles,TOTAL,1,1,0,0,1,0,0,0,NA,0,0,0,0,NA,0,0,0,NA,NA,0,0,0,0,0,0,0,0,0,NA,0,0,0,0,NA,0,0,0,NA,NA,0,1,1,0,0,1,0,0,0,0,0,0,0,0,NA,0,0,0,0,0,0,0,0,0,NA,0,0,0,NA,NA,0,0,0,0,0,0,0,0,NA,0,0,0,0,0,0,0,0,0,NA,NA,0,0,0,0,0,0,0,0,NA,NA,0,0,0,0,0,0,0,0,0,NA,0,0,0,0,0,0,0,0,0,NA,0,0,0,0,0,0,0,0,0,NA,0,0,0,0,NA,0,0,0,0,NA,0
M16 [Details of deaths reported with probable causes:],'16.3.5',Number of Infant Deaths (1 -12 months) due to Others,TOTAL,271,254,17,3,268,11,11,0,NA,11,16,16,0,NA,16,6,6,NA,NA,6,3,3,0,0,3,8,8,0,NA,8,5,5,0,NA,5,6,6,NA,NA,6,11,11,0,0,11,7,7,0,0,7,1,1,0,NA,1,8,8,0,0,8,8,8,0,NA,8,6,6,NA,NA,6,12,12,0,0,12,24,24,NA,1,23,5,5,0,0,5,8,8,NA,NA,8,38,37,1,0,38,17,17,NA,NA,17,2,2,0,0,2,4,4,0,NA,4,21,17,4,2,19,7,7,0,NA,7,2,2,0,0,2,25,17,8,NA,25,6,4,2,NA,6,4,2,2,NA,4
M16 [Details of deaths reported with probable causes:],'16.4.1',Number of Child Deaths (1 -5 years) due to Pneumonia,TOTAL,11,11,0,0,11,0,0,0,NA,0,3,3,0,NA,3,0,0,NA,NA,0,0,0,0,0,0,0,0,0,NA,0,0,0,0,NA,0,0,0,NA,NA,0,1,1,0,0,1,0,0,0,0,0,0,0,0,NA,0,2,2,0,0,2,0,0,0,NA,0,1,1,NA,NA,1,0,0,0,0,0,0,0,NA,0,0,1,1,0,0,1,0,0,NA,NA,0,1,1,0,0,1,0,0,NA,NA,0,0,0,0,0,0,0,0,0,NA,0,2,2,0,0,2,0,0,0,NA,0,0,0,0,0,0,0,0,0,NA,0,0,0,0,NA,0,0,0,0,NA,0
M16 [Details of deaths reported with probable causes:],'16.4.2',Number of Child Deaths (1 -5 years) due to Diarrhoea,TOTAL,2,2,0,0,2,0,0,0,NA,0,0,0,0,NA,0,0,0,NA,NA,0,0,0,0,0,0,0,0,0,NA,0,1,1,0,NA,1,0,0,NA,NA,0,0,0,0,0,0,0,0,0,0,0,0,0,0,NA,0,0,0,0,0,0,0,0,0,NA,0,0,0,NA,NA,0,0,0,0,0,0,0,0,NA,0,0,0,0,0,0,0,0,0,NA,NA,0,1,1,0,0,1,0,0,NA,NA,0,0,0,0,0,0,0,0,0,NA,0,0,0,0,0,0,0,0,0,NA,0,0,0,0,0,0,0,0,0,NA,0,0,0,0,NA,0,0,0,0,NA,0
M16 [Details of deaths reported with probable causes:],'16.4.3',Number of Child Deaths (1 -5 years) due to Fever related,TOTAL,12,12,0,0,12,0,0,0,NA,0,0,0,0,NA,0,0,0,NA,NA,0,0,0,0,0,0,1,1,0,NA,1,1,1,0,NA,1,0,0,NA,NA,0,0,0,0,0,0,0,0,0,0,0,0,0,0,NA,0,0,0,0,0,0,0,0,0,NA,0,0,0,NA,NA,0,0,0,0,0,0,4,4,NA,0,4,1,1,0,0,1,1,1,NA,NA,1,1,1,0,0,1,0,0,NA,NA,0,1,1,0,0,1,1,1,0,NA,1,1,1,0,0,1,0,0,0,NA,0,0,0,0,0,0,0,0,0,NA,0,0,0,0,NA,0,0,0,0,NA,0
M16 [Details of deaths reported with probable causes:],'16.4.4',Number of Child Deaths (1 -5 years) due to Measles,TOTAL,1,0,1,1,0,0,0,0,NA,0,0,0,0,NA,0,0,0,NA,NA,0,0,0,0,0,0,0,0,0,NA,0,0,0,0,NA,0,0,0,NA,NA,0,0,0,0,0,0,0,0,0,0,0,0,0,0,NA,0,0,0,0,0,0,0,0,0,NA,0,0,0,NA,NA,0,0,0,0,0,0,0,0,NA,0,0,0,0,0,0,0,0,0,NA,NA,0,0,0,0,0,0,0,0,NA,NA,0,0,0,0,0,0,0,0,0,NA,0,1,0,1,1,0,0,0,0,NA,0,0,0,0,0,0,0,0,0,NA,0,0,0,0,NA,0,0,0,0,NA,0
M16 [Details of deaths reported with probable causes:],'16.4.5',Number of Child Deaths (1 -5 years) due to Others,TOTAL,70,67,3,2,68,2,2,0,NA,2,7,7,0,NA,7,1,1,NA,NA,1,0,0,0,0,0,1,1,0,NA,1,0,0,0,NA,0,3,3,NA,NA,3,5,5,0,0,5,3,3,0,0,3,1,1,0,NA,1,4,2,2,2,2,0,0,0,NA,0,0,0,NA,NA,0,10,10,0,0,10,6,6,NA,0,6,3,3,0,0,3,3,3,NA,NA,3,5,5,0,0,5,4,4,NA,NA,4,0,0,0,0,0,1,1,0,NA,1,4,4,0,0,4,2,2,0,NA,2,0,0,0,0,0,2,2,0,NA,2,3,2,1,NA,3,0,0,0,NA,0
M16 [Details of deaths reported with probable causes:],'16.5.1',Number of Maternal Deaths due to Bleeding,TOTAL,6,6,0,1,5,0,0,0,NA,0,0,0,0,NA,0,1,1,NA,1,0,1,1,0,0,1,0,0,0,NA,0,1,1,0,NA,1,0,0,NA,NA,0,2,2,0,0,2,0,0,0,0,0,0,0,0,NA,0,0,0,0,0,0,0,0,0,NA,0,0,0,NA,NA,0,0,0,0,0,0,0,0,NA,0,0,0,0,0,0,0,0,0,NA,NA,0,0,0,0,0,0,0,0,NA,NA,0,0,0,0,0,0,1,1,0,NA,1,0,0,0,0,0,0,0,0,NA,0,0,0,0,0,0,0,0,0,NA,0,0,0,0,NA,0,0,0,0,NA,0
M16 [Details of deaths reported with probable causes:],'16.5.2',Number of Maternal Deaths due to High fever,TOTAL,2,2,0,0,2,0,0,0,NA,0,0,0,0,NA,0,0,0,NA,NA,0,1,1,0,0,1,0,0,0,NA,0,0,0,0,NA,0,0,0,NA,NA,0,0,0,0,0,0,0,0,0,0,0,0,0,0,NA,0,0,0,0,0,0,0,0,0,NA,0,0,0,NA,NA,0,0,0,0,0,0,0,0,NA,0,0,0,0,0,0,0,0,0,NA,NA,0,0,0,0,0,0,1,1,NA,NA,1,0,0,0,0,0,0,0,0,NA,0,0,0,0,0,0,0,0,0,NA,0,0,0,0,0,0,0,0,0,NA,0,0,0,0,NA,0,0,0,0,NA,0
M16 [Details of deaths reported with probable causes:],'16.5.3',Number of Maternal Deaths due to Abortion,TOTAL,3,3,0,0,3,0,0,0,NA,0,0,0,0,NA,0,0,0,NA,NA,0,0,0,0,0,0,0,0,0,NA,0,0,0,0,NA,0,0,0,NA,NA,0,0,0,0,0,0,1,1,0,0,1,0,0,0,NA,0,0,0,0,0,0,0,0,0,NA,0,0,0,NA,NA,0,0,0,0,0,0,2,2,NA,0,2,0,0,0,0,0,0,0,NA,NA,0,0,0,0,0,0,0,0,NA,NA,0,0,0,0,0,0,0,0,0,NA,0,0,0,0,0,0,0,0,0,NA,0,0,0,0,0,0,0,0,0,NA,0,0,0,0,NA,0,0,0,0,NA,0
M16 [Details of deaths reported with probable causes:],'16.5.4',Number of Maternal Deaths due to Obstructed/prolonged labour,TOTAL,7,7,0,0,7,0,0,0,NA,0,0,0,0,NA,0,0,0,NA,NA,0,0,0,0,0,0,0,0,0,NA,0,0,0,0,NA,0,0,0,NA,NA,0,3,3,0,0,3,1,1,0,0,1,1,1,0,NA,1,0,0,0,0,0,0,0,0,NA,0,0,0,NA,NA,0,0,0,0,0,0,0,0,NA,0,0,0,0,0,0,0,0,0,NA,NA,0,2,2,0,0,2,0,0,NA,NA,0,0,0,0,0,0,0,0,0,NA,0,0,0,0,0,0,0,0,0,NA,0,0,0,0,0,0,0,0,0,NA,0,0,0,0,NA,0,0,0,0,NA,0
M16 [Details of deaths reported with probable causes:],'16.5.5',Number of Maternal Deaths due to Severe hypertesnion/fits,TOTAL,13,13,0,0,13,0,0,0,NA,0,0,0,0,NA,0,0,0,NA,NA,0,1,1,0,0,1,0,0,0,NA,0,0,0,0,NA,0,0,0,NA,NA,0,3,3,0,0,3,0,0,0,0,0,0,0,0,NA,0,0,0,0,0,0,0,0,0,NA,0,1,1,NA,NA,1,2,2,0,0,2,4,4,NA,0,4,0,0,0,0,0,0,0,NA,NA,0,1,1,0,0,1,0,0,NA,NA,0,0,0,0,0,0,0,0,0,NA,0,0,0,0,0,0,0,0,0,NA,0,0,0,0,0,0,0,0,0,NA,0,0,0,0,NA,0,1,1,0,NA,1
M16 [Details of deaths reported with probable causes:],'16.5.6',Number of Maternal Deaths due to Other Causes (including causes not known),TOTAL,84,80,4,0,84,1,1,0,NA,1,5,5,0,NA,5,2,2,NA,NA,2,11,11,0,0,11,3,3,0,NA,3,2,2,0,NA,2,2,2,NA,NA,2,19,18,1,0,19,1,1,0,0,1,0,0,0,NA,0,1,1,0,0,1,1,1,0,NA,1,1,1,NA,NA,1,0,0,0,0,0,8,8,NA,0,8,1,1,0,0,1,3,3,NA,NA,3,5,4,1,0,5,1,1,NA,NA,1,1,1,0,0,1,1,1,0,NA,1,5,5,0,0,5,0,0,0,NA,0,2,2,0,0,2,6,4,2,NA,6,2,2,0,NA,2,0,0,0,NA,0
M16 [Details of deaths reported with probable causes:],'16.6',Total Facility Based Maternal Death Reviews (FBMDR) done,TOTAL,32,31,1,0,32,0,0,NA,NA,0,0,0,NA,NA,0,0,0,NA,NA,0,13,13,0,0,13,0,0,0,NA,0,2,2,0,NA,2,0,0,NA,NA,0,6,6,NA,NA,6,3,3,0,NA,3,0,0,NA,NA,0,0,0,0,0,0,0,0,NA,NA,0,1,1,NA,NA,1,2,2,0,0,2,0,0,NA,0,0,0,0,0,0,0,0,0,NA,NA,0,1,0,1,NA,1,0,0,NA,NA,0,1,1,NA,NA,1,0,0,NA,NA,0,2,2,0,0,2,0,0,0,NA,0,1,1,0,NA,1,0,0,0,NA,0,0,0,NA,NA,0,0,0,NA,NA,0
M16 [Details of deaths reported with probable causes:],'16.7.1',Number of Adolscent / Adult deaths due to Diarrhoeal diseases,TOTAL,11,11,0,0,11,0,0,0,NA,0,0,0,0,NA,0,0,0,NA,NA,0,2,2,0,0,2,0,0,0,NA,0,1,1,0,NA,1,0,0,NA,NA,0,0,0,0,0,0,3,3,0,0,3,0,0,0,NA,0,0,0,0,0,0,0,0,0,NA,0,0,0,NA,NA,0,0,0,0,0,0,0,0,NA,0,0,0,0,0,0,0,0,0,NA,NA,0,0,0,0,0,0,1,1,NA,NA,1,0,0,0,0,0,0,0,0,NA,0,4,4,0,0,4,0,0,0,NA,0,0,0,0,0,0,0,0,0,NA,0,0,0,0,NA,0,0,0,0,NA,0
M16 [Details of deaths reported with probable causes:],'16.7.2',Number of Adolscent / Adult deaths due to Tuberculosis,TOTAL,45,38,7,0,45,0,0,0,NA,0,0,0,0,NA,0,0,0,NA,NA,0,4,4,0,0,4,0,0,0,NA,0,1,1,0,NA,1,0,0,NA,NA,0,3,3,0,0,3,12,12,0,0,12,0,0,0,NA,0,0,0,0,0,0,5,5,0,NA,5,0,0,NA,NA,0,0,0,0,0,0,0,0,NA,0,0,1,1,0,0,1,2,2,NA,NA,2,1,1,0,0,1,0,0,NA,NA,0,2,2,0,0,2,0,0,0,NA,0,4,4,0,0,4,0,0,0,NA,0,0,0,0,0,0,7,2,5,NA,7,2,0,2,NA,2,1,1,0,NA,1
M16 [Details of deaths reported with probable causes:],'16.7.3',Number of Adolscent / Adult deaths due to Respiratory diseases including infections (other than TB),TOTAL,203,182,21,3,200,4,4,0,NA,4,9,9,0,NA,9,0,0,NA,NA,0,17,9,8,0,17,3,3,0,NA,3,18,18,0,NA,18,1,1,NA,NA,1,1,1,0,0,1,25,24,1,0,25,0,0,0,NA,0,0,0,0,0,0,19,19,0,NA,19,5,5,NA,NA,5,3,3,0,3,0,0,0,NA,0,0,3,3,0,0,3,4,4,NA,NA,4,10,7,3,0,10,1,1,NA,NA,1,4,4,0,0,4,11,11,0,NA,11,9,9,0,0,9,14,14,0,NA,14,4,3,1,0,4,3,3,0,NA,3,32,24,8,NA,32,3,3,0,NA,3
M16 [Details of deaths reported with probable causes:],'16.7.4',Number of Adolscent / Adult deaths due to Other Fever Related,TOTAL,134,131,3,0,134,2,2,0,NA,2,1,1,0,NA,1,6,6,NA,NA,6,17,17,0,0,17,2,2,0,NA,2,1,1,0,NA,1,0,0,NA,NA,0,20,20,0,0,20,3,3,0,0,3,9,9,0,NA,9,4,4,0,0,4,4,4,0,NA,4,8,8,NA,NA,8,0,0,0,0,0,0,0,NA,0,0,8,8,0,0,8,4,4,NA,NA,4,5,3,2,0,5,17,17,NA,NA,17,0,0,0,0,0,2,2,0,NA,2,5,5,0,0,5,4,4,0,NA,4,1,1,0,0,1,5,5,0,NA,5,1,0,1,NA,1,5,5,0,NA,5
M16 [Details of deaths reported with probable causes:],'16.7.5',Number of Adolscent / Adult deaths due to HIV/AIDS,TOTAL,4,4,0,0,4,1,1,0,NA,1,0,0,0,NA,0,0,0,NA,NA,0,2,2,0,0,2,0,0,0,NA,0,0,0,0,NA,0,0,0,NA,NA,0,0,0,0,0,0,1,1,0,0,1,0,0,0,NA,0,0,0,0,0,0,0,0,0,NA,0,0,0,NA,NA,0,0,0,0,0,0,0,0,NA,0,0,0,0,0,0,0,0,0,NA,NA,0,0,0,0,0,0,0,0,NA,NA,0,0,0,0,0,0,0,0,0,NA,0,0,0,0,0,0,0,0,0,NA,0,0,0,0,0,0,0,0,0,NA,0,0,0,0,NA,0,0,0,0,NA,0
M16 [Details of deaths reported with probable causes:],'16.7.6',Number of Adolscent / Adult deaths due to Heart disease/Hypertension related,TOTAL,537,498,39,5,532,17,15,2,NA,17,35,35,0,NA,35,4,4,NA,1,3,25,23,2,0,25,8,8,0,NA,8,26,26,0,NA,26,8,8,NA,NA,8,19,19,0,0,19,18,17,1,0,18,3,3,0,NA,3,5,3,2,2,3,31,31,0,NA,31,11,11,NA,NA,11,10,10,0,2,8,13,13,NA,0,13,37,37,0,0,37,17,17,NA,NA,17,7,2,5,0,7,26,26,NA,NA,26,33,32,1,0,33,12,12,0,NA,12,56,47,9,0,56,16,16,0,NA,16,12,12,0,0,12,47,39,8,NA,47,12,5,7,NA,12,29,27,2,NA,29
M16 [Details of deaths reported with probable causes:],'16.7.7',Number of Adolscent / Adult deaths due to Cancer,TOTAL,222,219,3,5,217,7,7,0,NA,7,21,21,0,NA,21,6,6,NA,1,5,7,7,0,0,7,3,3,0,NA,3,13,13,0,NA,13,2,2,NA,NA,2,13,13,0,0,13,7,6,1,0,7,1,1,0,NA,1,5,5,0,0,5,3,3,0,NA,3,3,3,NA,NA,3,5,5,0,3,2,7,7,NA,0,7,27,27,0,0,27,4,4,NA,NA,4,9,9,0,0,9,1,1,NA,NA,1,1,1,0,0,1,3,3,0,NA,3,26,26,0,1,25,18,18,0,NA,18,3,3,0,0,3,15,15,0,NA,15,6,4,2,NA,6,6,6,0,NA,6
M16 [Details of deaths reported with probable causes:],'16.7.8',Number of Adolscent / Adult deaths due to Neurological disease including strokes,TOTAL,208,204,4,0,208,4,4,0,NA,4,13,13,0,NA,13,1,1,NA,NA,1,19,18,1,0,19,1,1,0,NA,1,2,2,0,NA,2,4,4,NA,NA,4,3,3,0,0,3,65,65,0,0,65,0,0,0,NA,0,3,3,0,0,3,4,4,0,NA,4,4,4,NA,NA,4,4,4,0,0,4,2,2,NA,0,2,5,5,0,0,5,3,3,NA,NA,3,9,7,2,0,9,2,2,NA,NA,2,2,2,0,0,2,2,2,0,NA,2,27,27,0,0,27,8,8,0,NA,8,4,4,0,0,4,11,10,1,NA,11,1,1,0,NA,1,5,5,0,NA,5
M16 [Details of deaths reported with probable causes:],'16.7.9',Number of Adolscent / Adult deaths due to Accidents/Burn cases,TOTAL,139,137,2,0,139,1,1,0,NA,1,7,7,0,NA,7,6,6,NA,NA,6,2,2,0,0,2,5,5,0,NA,5,8,8,0,NA,8,5,5,NA,NA,5,3,3,0,0,3,3,3,0,0,3,1,1,0,NA,1,3,3,0,0,3,3,3,0,NA,3,1,1,NA,NA,1,0,0,0,0,0,2,2,NA,0,2,17,17,0,0,17,5,5,NA,NA,5,0,0,0,0,0,5,5,NA,NA,5,5,5,0,0,5,6,6,0,NA,6,18,17,1,0,18,1,1,0,NA,1,4,4,0,0,4,16,16,0,NA,16,3,3,0,NA,3,9,8,1,NA,9
M16 [Details of deaths reported with probable causes:],'16.7.10',Number of Adolscent / Adult deaths due to Suicide,TOTAL,72,69,3,2,70,4,4,0,NA,4,3,3,0,NA,3,4,4,NA,2,2,1,1,0,0,1,1,1,0,NA,1,3,3,0,NA,3,1,1,NA,NA,1,2,2,0,0,2,5,5,0,0,5,1,1,0,NA,1,6,6,0,0,6,5,5,0,NA,5,0,0,NA,NA,0,1,1,0,0,1,0,0,NA,0,0,8,8,0,0,8,1,1,NA,NA,1,1,1,0,0,1,3,3,NA,NA,3,1,1,0,0,1,2,2,0,NA,2,2,2,0,0,2,4,4,0,NA,4,1,1,0,0,1,7,7,0,NA,7,3,1,2,NA,3,2,1,1,NA,2
M16 [Details of deaths reported with probable causes:],'16.7.11',Number of Adolscent / Adult deaths due to Animal bites and stings,TOTAL,7,7,0,0,7,0,0,0,NA,0,0,0,0,NA,0,1,1,NA,NA,1,0,0,0,0,0,0,0,0,NA,0,0,0,0,NA,0,0,0,NA,NA,0,0,0,0,0,0,0,0,0,0,0,0,0,0,NA,0,1,1,0,0,1,0,0,0,NA,0,0,0,NA,NA,0,0,0,0,0,0,0,0,NA,0,0,1,1,0,0,1,0,0,NA,NA,0,0,0,0,0,0,0,0,NA,NA,0,0,0,0,0,0,0,0,0,NA,0,0,0,0,0,0,0,0,0,NA,0,0,0,0,0,0,3,3,0,NA,3,0,0,0,NA,0,1,1,0,NA,1
M16 [Details of deaths reported with probable causes:],'16.7.12',Number of Adolscent / Adult deaths due to Known Acute Disease,TOTAL,254,245,9,1,253,14,14,0,NA,14,23,23,0,NA,23,8,8,NA,1,7,26,26,0,0,26,2,2,0,NA,2,7,7,0,NA,7,0,0,NA,NA,0,8,8,0,0,8,19,19,0,0,19,0,0,0,NA,0,9,9,0,0,9,4,4,0,NA,4,9,9,NA,NA,9,3,3,0,0,3,2,2,NA,0,2,16,16,0,0,16,8,8,NA,NA,8,7,7,0,0,7,13,13,NA,NA,13,2,2,0,0,2,4,4,0,NA,4,10,7,3,0,10,6,6,0,NA,6,7,7,0,0,7,20,20,0,NA,20,12,8,4,NA,12,15,13,2,NA,15
M16 [Details of deaths reported with probable causes:],'16.7.13',Number of Adolscent / Adult deaths due to Known Chronic Disease,TOTAL,643,602,41,5,638,24,24,0,NA,24,30,30,0,NA,30,31,31,NA,5,26,30,25,5,0,30,9,9,0,NA,9,21,21,0,NA,21,5,5,NA,NA,5,39,39,0,0,39,40,40,0,0,40,1,1,0,NA,1,10,10,0,0,10,27,27,0,NA,27,12,12,NA,NA,12,14,14,0,0,14,12,12,NA,0,12,48,48,0,0,48,11,11,NA,NA,11,35,32,3,0,35,16,16,NA,NA,16,12,11,1,0,12,8,8,0,NA,8,39,39,0,0,39,32,32,0,NA,32,14,14,0,0,14,67,54,13,NA,67,31,20,11,NA,31,25,17,8,NA,25
M16 [Details of deaths reported with probable causes:],'16.7.14',Number of Adolscent / Adult deaths due to Causes not known,TOTAL,2345,2251,94,13,2332,80,80,0,NA,80,185,185,0,NA,185,56,56,NA,7,49,71,71,0,0,71,37,37,0,NA,37,63,62,1,NA,63,74,74,NA,NA,74,123,121,2,0,123,56,41,15,0,56,19,18,1,NA,19,70,70,0,0,70,103,103,0,NA,103,168,168,NA,NA,168,117,117,0,6,111,35,35,NA,0,35,224,224,0,0,224,43,43,NA,NA,43,78,78,0,0,78,49,49,NA,NA,49,96,91,5,0,96,61,61,0,NA,61,126,121,5,0,126,64,64,0,NA,64,45,45,0,0,45,190,167,23,NA,190,70,37,33,NA,70,42,33,9,NA,42
M16 [Details of deaths reported with probable causes:],'16.8.1',Number of Deaths due to Malaria- Plasmodium Vivax,TOTAL,1,1,0,0,1,0,0,0,NA,0,0,0,0,NA,0,0,0,NA,NA,0,0,0,0,0,0,0,0,0,NA,0,0,0,0,NA,0,0,0,NA,NA,0,0,0,0,0,0,0,0,0,0,0,0,0,0,NA,0,0,0,0,0,0,0,0,0,NA,0,0,0,NA,NA,0,0,0,0,0,0,0,0,NA,0,0,0,0,0,0,0,0,0,NA,NA,0,0,0,0,0,0,1,1,NA,NA,1,0,0,0,0,0,0,0,0,NA,0,0,0,0,0,0,0,0,0,NA,0,0,0,0,0,0,0,0,0,NA,0,0,0,0,NA,0,0,0,0,NA,0
M16 [Details of deaths reported with probable causes:],'16.8.2',Number of Deaths due to Malaria- Plasmodium Falciparum,TOTAL,1,1,0,0,1,0,0,0,NA,0,0,0,0,NA,0,1,1,NA,NA,1,0,0,0,0,0,0,0,0,NA,0,0,0,0,NA,0,0,0,NA,NA,0,0,0,0,0,0,0,0,0,0,0,0,0,0,NA,0,0,0,0,0,0,0,0,0,NA,0,0,0,NA,NA,0,0,0,0,0,0,0,0,NA,0,0,0,0,0,0,0,0,0,NA,NA,0,0,0,0,0,0,0,0,NA,NA,0,0,0,0,0,0,0,0,0,NA,0,0,0,0,0,0,0,0,0,NA,0,0,0,0,0,0,0,0,0,NA,0,0,0,0,NA,0,0,0,0,NA,0
M16 [Details of deaths reported with probable causes:],'16.8.3',Number of Deaths due to Kala Azar,TOTAL,0,0,0,0,0,0,0,0,NA,0,0,0,0,NA,0,0,0,NA,NA,0,0,0,0,0,0,0,0,0,NA,0,0,0,0,NA,0,0,0,NA,NA,0,0,0,NA,0,0,0,0,0,0,0,0,0,0,NA,0,0,0,0,0,0,0,0,0,NA,0,0,0,NA,NA,0,0,0,0,0,0,0,0,NA,0,0,0,0,0,0,0,0,0,NA,NA,0,0,0,0,0,0,0,0,NA,NA,0,0,0,0,0,0,0,0,0,NA,0,0,0,0,0,0,0,0,0,NA,0,0,0,0,0,0,0,0,0,NA,0,0,0,0,NA,0,0,0,0,NA,0
M16 [Details of deaths reported with probable causes:],'16.8.4',Number of Deaths due to Dengue,TOTAL,0,0,0,0,0,0,0,0,NA,0,0,0,0,NA,0,0,0,NA,NA,0,0,0,0,0,0,0,0,0,NA,0,0,0,0,NA,0,0,0,NA,NA,0,0,0,NA,0,0,0,0,0,0,0,0,0,0,NA,0,0,0,0,0,0,0,0,0,NA,0,0,0,NA,NA,0,0,0,0,0,0,0,0,NA,0,0,0,0,0,0,0,0,0,NA,NA,0,0,0,0,0,0,0,0,NA,NA,0,0,0,0,0,0,0,0,0,NA,0,0,0,0,0,0,0,0,0,NA,0,0,0,0,0,0,0,0,0,NA,0,0,0,0,NA,0,0,0,0,NA,0
M16 [Details of deaths reported with probable causes:],'16.8.5',Number of Deaths due to Acute Encephelitis Syndrome (AES),TOTAL,2,2,0,0,2,0,0,0,NA,0,1,1,0,NA,1,0,0,NA,NA,0,0,0,0,0,0,0,0,0,NA,0,0,0,0,NA,0,0,0,NA,NA,0,0,0,NA,0,0,1,1,0,0,1,0,0,0,NA,0,0,0,0,0,0,0,0,0,NA,0,0,0,NA,NA,0,0,0,0,0,0,0,0,NA,0,0,0,0,0,0,0,0,0,NA,NA,0,0,0,0,0,0,0,0,NA,NA,0,0,0,0,0,0,0,0,0,NA,0,0,0,0,0,0,0,0,0,NA,0,0,0,0,0,0,0,0,0,NA,0,0,0,0,NA,0,0,0,0,NA,0
M16 [Details of deaths reported with probable causes:],'16.8.6',Number of Deaths due to Japanese Encephalitis (JE),TOTAL,2,2,0,0,2,0,0,0,NA,0,0,0,0,NA,0,0,0,NA,NA,0,0,0,0,0,0,0,0,0,NA,0,0,0,0,NA,0,0,0,NA,NA,0,0,0,NA,0,0,2,2,0,0,2,0,0,0,NA,0,0,0,0,0,0,0,0,0,NA,0,0,0,NA,NA,0,0,0,0,0,0,0,0,NA,0,0,0,0,0,0,0,0,0,NA,NA,0,0,0,0,0,0,0,0,NA,NA,0,0,0,0,0,0,0,0,0,NA,0,0,0,0,0,0,0,0,0,NA,0,0,0,0,0,0,0,0,0,NA,0,0,0,0,NA,0,0,0,0,NA,0
M17 [Vaccines],'17.1',Vaccine - DPT,1. Balance From Previous Month,89887,NA,NA,NA,NA,4460,NA,NA,NA,NA,5630,NA,NA,NA,NA,2275,NA,NA,NA,NA,2950,NA,NA,NA,NA,0,NA,NA,NA,NA,3200,NA,NA,NA,NA,4650,NA,NA,NA,NA,NA,NA,NA,NA,NA,272,NA,NA,NA,NA,2070,NA,NA,NA,NA,5050,NA,NA,NA,NA,5170,NA,NA,NA,NA,3290,NA,NA,NA,NA,4020,NA,NA,NA,NA,2690,NA,NA,NA,NA,340,NA,NA,NA,NA,4790,NA,NA,NA,NA,200,NA,NA,NA,NA,7730,NA,NA,NA,NA,8900,NA,NA,NA,NA,6410,NA,NA,NA,NA,4950,NA,NA,NA,NA,1630,NA,NA,NA,NA,0,NA,NA,NA,NA,410,NA,NA,NA,NA,5800,NA,NA,NA,NA,3000,NA,NA,NA,NA
M17 [Vaccines],17.1',Vaccine - DPT,2. Stocks Received,131960,NA,NA,NA,NA,5300,NA,NA,NA,NA,21000,NA,NA,NA,NA,2200,NA,NA,NA,NA,6870,NA,NA,NA,NA,0,NA,NA,NA,NA,5800,NA,NA,NA,NA,4000,NA,NA,NA,NA,NA,NA,NA,NA,NA,690,NA,NA,NA,NA,0,NA,NA,NA,NA,3500,NA,NA,NA,NA,6000,NA,NA,NA,NA,2000,NA,NA,NA,NA,5000,NA,NA,NA,NA,5700,NA,NA,NA,NA,8800,NA,NA,NA,NA,3200,NA,NA,NA,NA,4800,NA,NA,NA,NA,5500,NA,NA,NA,NA,4000,NA,NA,NA,NA,3300,NA,NA,NA,NA,14400,NA,NA,NA,NA,2200,NA,NA,NA,NA,4200,NA,NA,NA,NA,500,NA,NA,NA,NA,8000,NA,NA,NA,NA,5000,NA,NA,NA,NA
M17 [Vaccines],17.1',Vaccine - DPT,3. Unusable Stock,0,NA,NA,NA,NA,0,NA,NA,NA,NA,0,NA,NA,NA,NA,NA,NA,NA,NA,NA,0,NA,NA,NA,NA,0,NA,NA,NA,NA,0,NA,NA,NA,NA,0,NA,NA,NA,NA,NA,NA,NA,NA,NA,0,NA,NA,NA,NA,0,NA,NA,NA,NA,NA,NA,NA,NA,NA,0,NA,NA,NA,NA,0,NA,NA,NA,NA,0,NA,NA,NA,NA,0,NA,NA,NA,NA,0,NA,NA,NA,NA,0,NA,NA,NA,NA,0,NA,NA,NA,NA,0,NA,NA,NA,NA,NA,NA,NA,NA,NA,0,NA,NA,NA,NA,NA,NA,NA,NA,NA,0,NA,NA,NA,NA,0,NA,NA,NA,NA,0,NA,NA,NA,NA,0,NA,NA,NA,NA,0,NA,NA,NA,NA
M17 [Vaccines],17.1',Vaccine - DPT,4. Stock Distributed,89710,NA,NA,NA,NA,3310,NA,NA,NA,NA,6330,NA,NA,NA,NA,920,NA,NA,NA,NA,9130,NA,NA,NA,NA,0,NA,NA,NA,NA,3200,NA,NA,NA,NA,2430,NA,NA,NA,NA,NA,NA,NA,NA,NA,600,NA,NA,NA,NA,470,NA,NA,NA,NA,6080,NA,NA,NA,NA,2000,NA,NA,NA,NA,1980,NA,NA,NA,NA,2620,NA,NA,NA,NA,5880,NA,NA,NA,NA,5440,NA,NA,NA,NA,2640,NA,NA,NA,NA,3700,NA,NA,NA,NA,1040,NA,NA,NA,NA,4550,NA,NA,NA,NA,3000,NA,NA,NA,NA,11150,NA,NA,NA,NA,3030,NA,NA,NA,NA,2320,NA,NA,NA,NA,560,NA,NA,NA,NA,5430,NA,NA,NA,NA,1900,NA,NA,NA,NA
M17 [Vaccines],17.1',Vaccine - DPT,5. Total Stock,132137,NA,NA,NA,NA,6450,NA,NA,NA,NA,20300,NA,NA,NA,NA,3555,NA,NA,NA,NA,690,NA,NA,NA,NA,0,NA,NA,NA,NA,5800,NA,NA,NA,NA,6220,NA,NA,NA,NA,NA,NA,NA,NA,NA,362,NA,NA,NA,NA,1600,NA,NA,NA,NA,2470,NA,NA,NA,NA,9170,NA,NA,NA,NA,3310,NA,NA,NA,NA,6400,NA,NA,NA,NA,2510,NA,NA,NA,NA,3700,NA,NA,NA,NA,5350,NA,NA,NA,NA,1300,NA,NA,NA,NA,12190,NA,NA,NA,NA,8350,NA,NA,NA,NA,6710,NA,NA,NA,NA,8200,NA,NA,NA,NA,800,NA,NA,NA,NA,1880,NA,NA,NA,NA,350,NA,NA,NA,NA,8370,NA,NA,NA,NA,6100,NA,NA,NA,NA
M17 [Vaccines],'17.2',Vaccine - Pentavalent,1. Balance From Previous Month,375622,NA,NA,NA,NA,7480,NA,NA,NA,NA,15390,NA,NA,NA,NA,20223,NA,NA,NA,NA,20390,NA,NA,NA,NA,3000,NA,NA,NA,NA,10470,NA,NA,NA,NA,11430,NA,NA,NA,NA,NA,NA,NA,NA,NA,1435,NA,NA,NA,NA,7800,NA,NA,NA,NA,21150,NA,NA,NA,NA,4050,NA,NA,NA,NA,30540,NA,NA,NA,NA,61660,NA,NA,NA,NA,11180,NA,NA,NA,NA,6210,NA,NA,NA,NA,10330,NA,NA,NA,NA,16800,NA,NA,NA,NA,18060,NA,NA,NA,NA,15630,NA,NA,NA,NA,6180,NA,NA,NA,NA,14340,NA,NA,NA,NA,8390,NA,NA,NA,NA,19350,NA,NA,NA,NA,654,NA,NA,NA,NA,23600,NA,NA,NA,NA,9880,NA,NA,NA,NA
M17 [Vaccines],17.2',Vaccine - Pentavalent,2. Stocks Received,103260,NA,NA,NA,NA,2600,NA,NA,NA,NA,0,NA,NA,NA,NA,5000,NA,NA,NA,NA,7000,NA,NA,NA,NA,0,NA,NA,NA,NA,2800,NA,NA,NA,NA,2000,NA,NA,NA,NA,NA,NA,NA,NA,NA,0,NA,NA,NA,NA,0,NA,NA,NA,NA,5760,NA,NA,NA,NA,10000,NA,NA,NA,NA,0,NA,NA,NA,NA,10000,NA,NA,NA,NA,3000,NA,NA,NA,NA,5000,NA,NA,NA,NA,5000,NA,NA,NA,NA,5000,NA,NA,NA,NA,5500,NA,NA,NA,NA,5000,NA,NA,NA,NA,5000,NA,NA,NA,NA,5000,NA,NA,NA,NA,3000,NA,NA,NA,NA,6500,NA,NA,NA,NA,1100,NA,NA,NA,NA,6000,NA,NA,NA,NA,3000,NA,NA,NA,NA
M17 [Vaccines],17.2',Vaccine - Pentavalent,3. Unusable Stock,0,NA,NA,NA,NA,0,NA,NA,NA,NA,0,NA,NA,NA,NA,NA,NA,NA,NA,NA,0,NA,NA,NA,NA,0,NA,NA,NA,NA,0,NA,NA,NA,NA,0,NA,NA,NA,NA,NA,NA,NA,NA,NA,0,NA,NA,NA,NA,0,NA,NA,NA,NA,NA,NA,NA,NA,NA,0,NA,NA,NA,NA,0,NA,NA,NA,NA,0,NA,NA,NA,NA,0,NA,NA,NA,NA,0,NA,NA,NA,NA,0,NA,NA,NA,NA,0,NA,NA,NA,NA,0,NA,NA,NA,NA,NA,NA,NA,NA,NA,0,NA,NA,NA,NA,NA,NA,NA,NA,NA,0,NA,NA,NA,NA,0,NA,NA,NA,NA,0,NA,NA,NA,NA,0,NA,NA,NA,NA,0,NA,NA,NA,NA
M17 [Vaccines],17.2',Vaccine - Pentavalent,4. Stock Distributed,143823,NA,NA,NA,NA,5770,NA,NA,NA,NA,6440,NA,NA,NA,NA,2742,NA,NA,NA,NA,15250,NA,NA,NA,NA,2960,NA,NA,NA,NA,5050,NA,NA,NA,NA,3050,NA,NA,NA,NA,NA,NA,NA,NA,NA,787,NA,NA,NA,NA,720,NA,NA,NA,NA,8650,NA,NA,NA,NA,3960,NA,NA,NA,NA,3990,NA,NA,NA,NA,2860,NA,NA,NA,NA,11980,NA,NA,NA,NA,7130,NA,NA,NA,NA,5510,NA,NA,NA,NA,5800,NA,NA,NA,NA,3130,NA,NA,NA,NA,6850,NA,NA,NA,NA,7050,NA,NA,NA,NA,16850,NA,NA,NA,NA,3150,NA,NA,NA,NA,4320,NA,NA,NA,NA,844,NA,NA,NA,NA,5640,NA,NA,NA,NA,3340,NA,NA,NA,NA
M17 [Vaccines],17.2',Vaccine - Pentavalent,5. Total Stock,335059,NA,NA,NA,NA,4310,NA,NA,NA,NA,8950,NA,NA,NA,NA,22481,NA,NA,NA,NA,12140,NA,NA,NA,NA,40,NA,NA,NA,NA,8220,NA,NA,NA,NA,10380,NA,NA,NA,NA,NA,NA,NA,NA,NA,648,NA,NA,NA,NA,7080,NA,NA,NA,NA,18260,NA,NA,NA,NA,10090,NA,NA,NA,NA,26550,NA,NA,NA,NA,68800,NA,NA,NA,NA,2200,NA,NA,NA,NA,4080,NA,NA,NA,NA,9820,NA,NA,NA,NA,16000,NA,NA,NA,NA,20430,NA,NA,NA,NA,13780,NA,NA,NA,NA,4130,NA,NA,NA,NA,2490,NA,NA,NA,NA,8240,NA,NA,NA,NA,21530,NA,NA,NA,NA,910,NA,NA,NA,NA,23960,NA,NA,NA,NA,9540,NA,NA,NA,NA
M17 [Vaccines],'17.3',Vaccine - OPV,1. Balance From Previous Month,599171,NA,NA,NA,NA,14200,NA,NA,NA,NA,16820,NA,NA,NA,NA,7652,NA,NA,NA,NA,35000,NA,NA,NA,NA,15029,NA,NA,NA,NA,14640,NA,NA,NA,NA,20400,NA,NA,NA,NA,NA,NA,NA,NA,NA,980,NA,NA,NA,NA,11820,NA,NA,NA,NA,61580,NA,NA,NA,NA,8520,NA,NA,NA,NA,45520,NA,NA,NA,NA,37220,NA,NA,NA,NA,25660,NA,NA,NA,NA,13520,NA,NA,NA,NA,11320,NA,NA,NA,NA,43000,NA,NA,NA,NA,34680,NA,NA,NA,NA,26700,NA,NA,NA,NA,12840,NA,NA,NA,NA,31880,NA,NA,NA,NA,12080,NA,NA,NA,NA,44060,NA,NA,NA,NA,470,NA,NA,NA,NA,33080,NA,NA,NA,NA,20500,NA,NA,NA,NA
M17 [Vaccines],17.3',Vaccine - OPV,2. Stocks Received,303500,NA,NA,NA,NA,6000,NA,NA,NA,NA,0,NA,NA,NA,NA,10000,NA,NA,NA,NA,10000,NA,NA,NA,NA,8000,NA,NA,NA,NA,10000,NA,NA,NA,NA,8000,NA,NA,NA,NA,NA,NA,NA,NA,NA,0,NA,NA,NA,NA,0,NA,NA,NA,NA,20000,NA,NA,NA,NA,20000,NA,NA,NA,NA,0,NA,NA,NA,NA,10000,NA,NA,NA,NA,20000,NA,NA,NA,NA,10000,NA,NA,NA,NA,20000,NA,NA,NA,NA,10000,NA,NA,NA,NA,20000,NA,NA,NA,NA,12000,NA,NA,NA,NA,12000,NA,NA,NA,NA,50000,NA,NA,NA,NA,3000,NA,NA,NA,NA,10500,NA,NA,NA,NA,1000,NA,NA,NA,NA,25000,NA,NA,NA,NA,8000,NA,NA,NA,NA
M17 [Vaccines],17.3',Vaccine - OPV,3. Unusable Stock,0,NA,NA,NA,NA,0,NA,NA,NA,NA,0,NA,NA,NA,NA,NA,NA,NA,NA,NA,0,NA,NA,NA,NA,0,NA,NA,NA,NA,0,NA,NA,NA,NA,0,NA,NA,NA,NA,NA,NA,NA,NA,NA,0,NA,NA,NA,NA,0,NA,NA,NA,NA,NA,NA,NA,NA,NA,0,NA,NA,NA,NA,0,NA,NA,NA,NA,0,NA,NA,NA,NA,0,NA,NA,NA,NA,0,NA,NA,NA,NA,0,NA,NA,NA,NA,0,NA,NA,NA,NA,0,NA,NA,NA,NA,NA,NA,NA,NA,NA,0,NA,NA,NA,NA,NA,NA,NA,NA,NA,0,NA,NA,NA,NA,0,NA,NA,NA,NA,0,NA,NA,NA,NA,0,NA,NA,NA,NA,0,NA,NA,NA,NA
M17 [Vaccines],17.3',Vaccine - OPV,4. Stock Distributed,319225,NA,NA,NA,NA,10800,NA,NA,NA,NA,14720,NA,NA,NA,NA,5609,NA,NA,NA,NA,32500,NA,NA,NA,NA,13149,NA,NA,NA,NA,8300,NA,NA,NA,NA,7900,NA,NA,NA,NA,NA,NA,NA,NA,NA,772,NA,NA,NA,NA,1780,NA,NA,NA,NA,16500,NA,NA,NA,NA,6920,NA,NA,NA,NA,7480,NA,NA,NA,NA,6680,NA,NA,NA,NA,25520,NA,NA,NA,NA,15720,NA,NA,NA,NA,10120,NA,NA,NA,NA,17500,NA,NA,NA,NA,4320,NA,NA,NA,NA,15100,NA,NA,NA,NA,13100,NA,NA,NA,NA,42440,NA,NA,NA,NA,9580,NA,NA,NA,NA,9460,NA,NA,NA,NA,955,NA,NA,NA,NA,16100,NA,NA,NA,NA,6200,NA,NA,NA,NA
M17 [Vaccines],17.3',Vaccine - OPV,5. Total Stock,583446,NA,NA,NA,NA,9400,NA,NA,NA,NA,2100,NA,NA,NA,NA,12043,NA,NA,NA,NA,12500,NA,NA,NA,NA,9880,NA,NA,NA,NA,16340,NA,NA,NA,NA,20500,NA,NA,NA,NA,NA,NA,NA,NA,NA,208,NA,NA,NA,NA,10040,NA,NA,NA,NA,65080,NA,NA,NA,NA,21600,NA,NA,NA,NA,38040,NA,NA,NA,NA,40540,NA,NA,NA,NA,20140,NA,NA,NA,NA,7800,NA,NA,NA,NA,21200,NA,NA,NA,NA,35500,NA,NA,NA,NA,50360,NA,NA,NA,NA,23600,NA,NA,NA,NA,11740,NA,NA,NA,NA,39440,NA,NA,NA,NA,5500,NA,NA,NA,NA,45100,NA,NA,NA,NA,515,NA,NA,NA,NA,41980,NA,NA,NA,NA,22300,NA,NA,NA,NA
M17 [Vaccines],'17.4',Vaccine - TT,1. Balance From Previous Month,223650,NA,NA,NA,NA,3720,NA,NA,NA,NA,11980,NA,NA,NA,NA,7150,NA,NA,NA,NA,6280,NA,NA,NA,NA,11160,NA,NA,NA,NA,10000,NA,NA,NA,NA,0,NA,NA,NA,NA,NA,NA,NA,NA,NA,0,NA,NA,NA,NA,3790,NA,NA,NA,NA,24050,NA,NA,NA,NA,7790,NA,NA,NA,NA,1540,NA,NA,NA,NA,NA,NA,NA,NA,NA,11370,NA,NA,NA,NA,0,NA,NA,NA,NA,10860,NA,NA,NA,NA,32500,NA,NA,NA,NA,NA,NA,NA,NA,NA,17200,NA,NA,NA,NA,6140,NA,NA,NA,NA,17830,NA,NA,NA,NA,6550,NA,NA,NA,NA,10310,NA,NA,NA,NA,1070,NA,NA,NA,NA,11210,NA,NA,NA,NA,11150,NA,NA,NA,NA
M17 [Vaccines],17.4',Vaccine - TT,2. Stocks Received,132220,NA,NA,NA,NA,14600,NA,NA,NA,NA,0,NA,NA,NA,NA,10000,NA,NA,NA,NA,24000,NA,NA,NA,NA,3500,NA,NA,NA,NA,5000,NA,NA,NA,NA,0,NA,NA,NA,NA,NA,NA,NA,NA,NA,0,NA,NA,NA,NA,0,NA,NA,NA,NA,5000,NA,NA,NA,NA,8400,NA,NA,NA,NA,4800,NA,NA,NA,NA,NA,NA,NA,NA,NA,5000,NA,NA,NA,NA,0,NA,NA,NA,NA,10000,NA,NA,NA,NA,0,NA,NA,NA,NA,NA,NA,NA,NA,NA,5000,NA,NA,NA,NA,5000,NA,NA,NA,NA,7000,NA,NA,NA,NA,2000,NA,NA,NA,NA,9000,NA,NA,NA,NA,960,NA,NA,NA,NA,8160,NA,NA,NA,NA,4800,NA,NA,NA,NA
M17 [Vaccines],17.4',Vaccine - TT,3. Unusable Stock,0,NA,NA,NA,NA,0,NA,NA,NA,NA,0,NA,NA,NA,NA,NA,NA,NA,NA,NA,0,NA,NA,NA,NA,0,NA,NA,NA,NA,0,NA,NA,NA,NA,0,NA,NA,NA,NA,NA,NA,NA,NA,NA,0,NA,NA,NA,NA,0,NA,NA,NA,NA,NA,NA,NA,NA,NA,0,NA,NA,NA,NA,0,NA,NA,NA,NA,NA,NA,NA,NA,NA,0,NA,NA,NA,NA,0,NA,NA,NA,NA,0,NA,NA,NA,NA,0,NA,NA,NA,NA,0,NA,NA,NA,NA,NA,NA,NA,NA,NA,0,NA,NA,NA,NA,NA,NA,NA,NA,NA,0,NA,NA,NA,NA,0,NA,NA,NA,NA,0,NA,NA,NA,NA,0,NA,NA,NA,NA,0,NA,NA,NA,NA
M17 [Vaccines],17.4',Vaccine - TT,4. Stock Distributed,92137,NA,NA,NA,NA,6120,NA,NA,NA,NA,2950,NA,NA,NA,NA,1656,NA,NA,NA,NA,2160,NA,NA,NA,NA,7370,NA,NA,NA,NA,5000,NA,NA,NA,NA,0,NA,NA,NA,NA,NA,NA,NA,NA,NA,0,NA,NA,NA,NA,830,NA,NA,NA,NA,7100,NA,NA,NA,NA,2820,NA,NA,NA,NA,1840,NA,NA,NA,NA,NA,NA,NA,NA,NA,3850,NA,NA,NA,NA,0,NA,NA,NA,NA,5010,NA,NA,NA,NA,6200,NA,NA,NA,NA,NA,NA,NA,NA,NA,4350,NA,NA,NA,NA,4840,NA,NA,NA,NA,16300,NA,NA,NA,NA,3050,NA,NA,NA,NA,3020,NA,NA,NA,NA,681,NA,NA,NA,NA,4290,NA,NA,NA,NA,2700,NA,NA,NA,NA
M17 [Vaccines],17.4',Vaccine - TT,5. Total Stock,263733,NA,NA,NA,NA,12200,NA,NA,NA,NA,9030,NA,NA,NA,NA,15494,NA,NA,NA,NA,28120,NA,NA,NA,NA,7290,NA,NA,NA,NA,10000,NA,NA,NA,NA,0,NA,NA,NA,NA,NA,NA,NA,NA,NA,0,NA,NA,NA,NA,2960,NA,NA,NA,NA,21950,NA,NA,NA,NA,13370,NA,NA,NA,NA,4500,NA,NA,NA,NA,0,NA,NA,NA,NA,12520,NA,NA,NA,NA,0,NA,NA,NA,NA,15850,NA,NA,NA,NA,26300,NA,NA,NA,NA,0,NA,NA,NA,NA,17850,NA,NA,NA,NA,6300,NA,NA,NA,NA,8530,NA,NA,NA,NA,5500,NA,NA,NA,NA,16290,NA,NA,NA,NA,1349,NA,NA,NA,NA,15080,NA,NA,NA,NA,13250,NA,NA,NA,NA
M17 [Vaccines],'17.5',Vaccine - DT,1. Balance From Previous Month,86190,NA,NA,NA,NA,0,NA,NA,NA,NA,0,NA,NA,NA,NA,NA,NA,NA,NA,NA,42600,NA,NA,NA,NA,0,NA,NA,NA,NA,0,NA,NA,NA,NA,14460,NA,NA,NA,NA,NA,NA,NA,NA,NA,0,NA,NA,NA,NA,0,NA,NA,NA,NA,NA,NA,NA,NA,NA,0,NA,NA,NA,NA,0,NA,NA,NA,NA,16510,NA,NA,NA,NA,0,NA,NA,NA,NA,0,NA,NA,NA,NA,0,NA,NA,NA,NA,0,NA,NA,NA,NA,12620,NA,NA,NA,NA,NA,NA,NA,NA,NA,0,NA,NA,NA,NA,NA,NA,NA,NA,NA,0,NA,NA,NA,NA,0,NA,NA,NA,NA,0,NA,NA,NA,NA,0,NA,NA,NA,NA,0,NA,NA,NA,NA
M17 [Vaccines],17.5',Vaccine - DT,2. Stocks Received,13800,NA,NA,NA,NA,0,NA,NA,NA,NA,0,NA,NA,NA,NA,NA,NA,NA,NA,NA,0,NA,NA,NA,NA,0,NA,NA,NA,NA,0,NA,NA,NA,NA,2000,NA,NA,NA,NA,NA,NA,NA,NA,NA,0,NA,NA,NA,NA,0,NA,NA,NA,NA,NA,NA,NA,NA,NA,0,NA,NA,NA,NA,0,NA,NA,NA,NA,4800,NA,NA,NA,NA,0,NA,NA,NA,NA,0,NA,NA,NA,NA,0,NA,NA,NA,NA,0,NA,NA,NA,NA,7000,NA,NA,NA,NA,NA,NA,NA,NA,NA,0,NA,NA,NA,NA,NA,NA,NA,NA,NA,0,NA,NA,NA,NA,0,NA,NA,NA,NA,0,NA,NA,NA,NA,0,NA,NA,NA,NA,0,NA,NA,NA,NA
M17 [Vaccines],17.5',Vaccine - DT,3. Unusable Stock,0,NA,NA,NA,NA,0,NA,NA,NA,NA,0,NA,NA,NA,NA,NA,NA,NA,NA,NA,0,NA,NA,NA,NA,0,NA,NA,NA,NA,0,NA,NA,NA,NA,0,NA,NA,NA,NA,NA,NA,NA,NA,NA,0,NA,NA,NA,NA,0,NA,NA,NA,NA,NA,NA,NA,NA,NA,0,NA,NA,NA,NA,0,NA,NA,NA,NA,0,NA,NA,NA,NA,0,NA,NA,NA,NA,0,NA,NA,NA,NA,0,NA,NA,NA,NA,0,NA,NA,NA,NA,0,NA,NA,NA,NA,NA,NA,NA,NA,NA,0,NA,NA,NA,NA,NA,NA,NA,NA,NA,0,NA,NA,NA,NA,0,NA,NA,NA,NA,0,NA,NA,NA,NA,0,NA,NA,NA,NA,0,NA,NA,NA,NA
M17 [Vaccines],17.5',Vaccine - DT,4. Stock Distributed,20780,NA,NA,NA,NA,0,NA,NA,NA,NA,0,NA,NA,NA,NA,NA,NA,NA,NA,NA,14200,NA,NA,NA,NA,0,NA,NA,NA,NA,0,NA,NA,NA,NA,2500,NA,NA,NA,NA,NA,NA,NA,NA,NA,0,NA,NA,NA,NA,0,NA,NA,NA,NA,NA,NA,NA,NA,NA,0,NA,NA,NA,NA,0,NA,NA,NA,NA,2200,NA,NA,NA,NA,0,NA,NA,NA,NA,0,NA,NA,NA,NA,0,NA,NA,NA,NA,0,NA,NA,NA,NA,1880,NA,NA,NA,NA,NA,NA,NA,NA,NA,0,NA,NA,NA,NA,NA,NA,NA,NA,NA,0,NA,NA,NA,NA,0,NA,NA,NA,NA,0,NA,NA,NA,NA,0,NA,NA,NA,NA,0,NA,NA,NA,NA
M17 [Vaccines],17.5',Vaccine - DT,5. Total Stock,79210,NA,NA,NA,NA,0,NA,NA,NA,NA,0,NA,NA,NA,NA,0,NA,NA,NA,NA,28400,NA,NA,NA,NA,0,NA,NA,NA,NA,0,NA,NA,NA,NA,13960,NA,NA,NA,NA,NA,NA,NA,NA,NA,0,NA,NA,NA,NA,0,NA,NA,NA,NA,0,NA,NA,NA,NA,0,NA,NA,NA,NA,0,NA,NA,NA,NA,19110,NA,NA,NA,NA,0,NA,NA,NA,NA,0,NA,NA,NA,NA,0,NA,NA,NA,NA,0,NA,NA,NA,NA,17740,NA,NA,NA,NA,0,NA,NA,NA,NA,0,NA,NA,NA,NA,0,NA,NA,NA,NA,0,NA,NA,NA,NA,0,NA,NA,NA,NA,0,NA,NA,NA,NA,0,NA,NA,NA,NA,0,NA,NA,NA,NA
M17 [Vaccines],'17.6',Vaccine - BCG,1. Balance From Previous Month,183278,NA,NA,NA,NA,5570,NA,NA,NA,NA,8960,NA,NA,NA,NA,4680,NA,NA,NA,NA,12700,NA,NA,NA,NA,1390,NA,NA,NA,NA,6100,NA,NA,NA,NA,7330,NA,NA,NA,NA,NA,NA,NA,NA,NA,648,NA,NA,NA,NA,3660,NA,NA,NA,NA,7790,NA,NA,NA,NA,6090,NA,NA,NA,NA,5040,NA,NA,NA,NA,16030,NA,NA,NA,NA,13200,NA,NA,NA,NA,7040,NA,NA,NA,NA,4750,NA,NA,NA,NA,5300,NA,NA,NA,NA,3050,NA,NA,NA,NA,11100,NA,NA,NA,NA,910,NA,NA,NA,NA,12220,NA,NA,NA,NA,5900,NA,NA,NA,NA,11380,NA,NA,NA,NA,400,NA,NA,NA,NA,16840,NA,NA,NA,NA,5200,NA,NA,NA,NA
M17 [Vaccines],17.6',Vaccine - BCG,2. Stocks Received,117400,NA,NA,NA,NA,4000,NA,NA,NA,NA,5000,NA,NA,NA,NA,3500,NA,NA,NA,NA,10000,NA,NA,NA,NA,4000,NA,NA,NA,NA,5000,NA,NA,NA,NA,4000,NA,NA,NA,NA,NA,NA,NA,NA,NA,0,NA,NA,NA,NA,0,NA,NA,NA,NA,5000,NA,NA,NA,NA,5000,NA,NA,NA,NA,2000,NA,NA,NA,NA,5000,NA,NA,NA,NA,4300,NA,NA,NA,NA,6600,NA,NA,NA,NA,6500,NA,NA,NA,NA,8000,NA,NA,NA,NA,4000,NA,NA,NA,NA,5000,NA,NA,NA,NA,5000,NA,NA,NA,NA,10000,NA,NA,NA,NA,1500,NA,NA,NA,NA,5000,NA,NA,NA,NA,1000,NA,NA,NA,NA,4000,NA,NA,NA,NA,4000,NA,NA,NA,NA
M17 [Vaccines],17.6',Vaccine - BCG,3. Unusable Stock,0,NA,NA,NA,NA,0,NA,NA,NA,NA,0,NA,NA,NA,NA,NA,NA,NA,NA,NA,0,NA,NA,NA,NA,0,NA,NA,NA,NA,0,NA,NA,NA,NA,0,NA,NA,NA,NA,NA,NA,NA,NA,NA,0,NA,NA,NA,NA,0,NA,NA,NA,NA,NA,NA,NA,NA,NA,0,NA,NA,NA,NA,0,NA,NA,NA,NA,0,NA,NA,NA,NA,0,NA,NA,NA,NA,0,NA,NA,NA,NA,0,NA,NA,NA,NA,0,NA,NA,NA,NA,0,NA,NA,NA,NA,NA,NA,NA,NA,NA,0,NA,NA,NA,NA,NA,NA,NA,NA,NA,0,NA,NA,NA,NA,0,NA,NA,NA,NA,0,NA,NA,NA,NA,0,NA,NA,NA,NA,0,NA,NA,NA,NA
M17 [Vaccines],17.6',Vaccine - BCG,4. Stock Distributed,138711,NA,NA,NA,NA,4920,NA,NA,NA,NA,7750,NA,NA,NA,NA,1320,NA,NA,NA,NA,16700,NA,NA,NA,NA,3540,NA,NA,NA,NA,3700,NA,NA,NA,NA,3900,NA,NA,NA,NA,NA,NA,NA,NA,NA,451,NA,NA,NA,NA,990,NA,NA,NA,NA,6800,NA,NA,NA,NA,2400,NA,NA,NA,NA,4380,NA,NA,NA,NA,3790,NA,NA,NA,NA,7150,NA,NA,NA,NA,5300,NA,NA,NA,NA,5190,NA,NA,NA,NA,6300,NA,NA,NA,NA,2010,NA,NA,NA,NA,7100,NA,NA,NA,NA,5910,NA,NA,NA,NA,21400,NA,NA,NA,NA,3300,NA,NA,NA,NA,4070,NA,NA,NA,NA,1080,NA,NA,NA,NA,5160,NA,NA,NA,NA,4100,NA,NA,NA,NA
M17 [Vaccines],17.6',Vaccine - BCG,5. Total Stock,161967,NA,NA,NA,NA,4650,NA,NA,NA,NA,6210,NA,NA,NA,NA,6860,NA,NA,NA,NA,6000,NA,NA,NA,NA,1850,NA,NA,NA,NA,7400,NA,NA,NA,NA,7430,NA,NA,NA,NA,NA,NA,NA,NA,NA,197,NA,NA,NA,NA,2670,NA,NA,NA,NA,5990,NA,NA,NA,NA,8690,NA,NA,NA,NA,2660,NA,NA,NA,NA,17240,NA,NA,NA,NA,10350,NA,NA,NA,NA,8340,NA,NA,NA,NA,6060,NA,NA,NA,NA,7000,NA,NA,NA,NA,5040,NA,NA,NA,NA,9000,NA,NA,NA,NA,0,NA,NA,NA,NA,820,NA,NA,NA,NA,4100,NA,NA,NA,NA,12310,NA,NA,NA,NA,320,NA,NA,NA,NA,15680,NA,NA,NA,NA,5100,NA,NA,NA,NA
M17 [Vaccines],'17.7',Vaccine - Measles,1. Balance From Previous Month,10950,NA,NA,NA,NA,0,NA,NA,NA,NA,0,NA,NA,NA,NA,NA,NA,NA,NA,NA,0,NA,NA,NA,NA,0,NA,NA,NA,NA,0,NA,NA,NA,NA,0,NA,NA,NA,NA,NA,NA,NA,NA,NA,0,NA,NA,NA,NA,0,NA,NA,NA,NA,NA,NA,NA,NA,NA,0,NA,NA,NA,NA,0,NA,NA,NA,NA,NA,NA,NA,NA,NA,0,NA,NA,NA,NA,0,NA,NA,NA,NA,10950,NA,NA,NA,NA,0,NA,NA,NA,NA,NA,NA,NA,NA,NA,NA,NA,NA,NA,NA,0,NA,NA,NA,NA,NA,NA,NA,NA,NA,0,NA,NA,NA,NA,0,NA,NA,NA,NA,0,NA,NA,NA,NA,0,NA,NA,NA,NA,0,NA,NA,NA,NA
M17 [Vaccines],17.7',Vaccine - Measles,2. Stocks Received,6000,NA,NA,NA,NA,0,NA,NA,NA,NA,0,NA,NA,NA,NA,NA,NA,NA,NA,NA,0,NA,NA,NA,NA,0,NA,NA,NA,NA,0,NA,NA,NA,NA,0,NA,NA,NA,NA,NA,NA,NA,NA,NA,0,NA,NA,NA,NA,0,NA,NA,NA,NA,NA,NA,NA,NA,NA,0,NA,NA,NA,NA,0,NA,NA,NA,NA,NA,NA,NA,NA,NA,0,NA,NA,NA,NA,0,NA,NA,NA,NA,6000,NA,NA,NA,NA,0,NA,NA,NA,NA,NA,NA,NA,NA,NA,NA,NA,NA,NA,NA,0,NA,NA,NA,NA,NA,NA,NA,NA,NA,0,NA,NA,NA,NA,0,NA,NA,NA,NA,0,NA,NA,NA,NA,0,NA,NA,NA,NA,0,NA,NA,NA,NA
M17 [Vaccines],17.7',Vaccine - Measles,3. Unusable Stock,0,NA,NA,NA,NA,0,NA,NA,NA,NA,0,NA,NA,NA,NA,NA,NA,NA,NA,NA,0,NA,NA,NA,NA,0,NA,NA,NA,NA,0,NA,NA,NA,NA,0,NA,NA,NA,NA,NA,NA,NA,NA,NA,0,NA,NA,NA,NA,0,NA,NA,NA,NA,NA,NA,NA,NA,NA,0,NA,NA,NA,NA,0,NA,NA,NA,NA,NA,NA,NA,NA,NA,0,NA,NA,NA,NA,0,NA,NA,NA,NA,0,NA,NA,NA,NA,0,NA,NA,NA,NA,0,NA,NA,NA,NA,NA,NA,NA,NA,NA,0,NA,NA,NA,NA,NA,NA,NA,NA,NA,0,NA,NA,NA,NA,0,NA,NA,NA,NA,0,NA,NA,NA,NA,0,NA,NA,NA,NA,0,NA,NA,NA,NA
M17 [Vaccines],17.7',Vaccine - Measles,4. Stock Distributed,7450,NA,NA,NA,NA,0,NA,NA,NA,NA,0,NA,NA,NA,NA,NA,NA,NA,NA,NA,0,NA,NA,NA,NA,0,NA,NA,NA,NA,0,NA,NA,NA,NA,0,NA,NA,NA,NA,NA,NA,NA,NA,NA,0,NA,NA,NA,NA,0,NA,NA,NA,NA,NA,NA,NA,NA,NA,0,NA,NA,NA,NA,0,NA,NA,NA,NA,NA,NA,NA,NA,NA,0,NA,NA,NA,NA,0,NA,NA,NA,NA,7450,NA,NA,NA,NA,0,NA,NA,NA,NA,0,NA,NA,NA,NA,NA,NA,NA,NA,NA,0,NA,NA,NA,NA,NA,NA,NA,NA,NA,0,NA,NA,NA,NA,0,NA,NA,NA,NA,0,NA,NA,NA,NA,0,NA,NA,NA,NA,0,NA,NA,NA,NA
M17 [Vaccines],17.7',Vaccine - Measles,5. Total Stock,9500,NA,NA,NA,NA,0,NA,NA,NA,NA,0,NA,NA,NA,NA,0,NA,NA,NA,NA,0,NA,NA,NA,NA,0,NA,NA,NA,NA,0,NA,NA,NA,NA,0,NA,NA,NA,NA,NA,NA,NA,NA,NA,0,NA,NA,NA,NA,0,NA,NA,NA,NA,0,NA,NA,NA,NA,0,NA,NA,NA,NA,0,NA,NA,NA,NA,0,NA,NA,NA,NA,0,NA,NA,NA,NA,0,NA,NA,NA,NA,9500,NA,NA,NA,NA,0,NA,NA,NA,NA,0,NA,NA,NA,NA,0,NA,NA,NA,NA,0,NA,NA,NA,NA,0,NA,NA,NA,NA,0,NA,NA,NA,NA,0,NA,NA,NA,NA,0,NA,NA,NA,NA,0,NA,NA,NA,NA,0,NA,NA,NA,NA
M17 [Vaccines],'17.8',Vaccine - JE,1. Balance From Previous Month,56579,NA,NA,NA,NA,1460,NA,NA,NA,NA,5535,NA,NA,NA,NA,2633,NA,NA,NA,NA,4100,NA,NA,NA,NA,410,NA,NA,NA,NA,2850,NA,NA,NA,NA,485,NA,NA,NA,NA,NA,NA,NA,NA,NA,76,NA,NA,NA,NA,1810,NA,NA,NA,NA,3900,NA,NA,NA,NA,2550,NA,NA,NA,NA,3880,NA,NA,NA,NA,13435,NA,NA,NA,NA,0,NA,NA,NA,NA,30,NA,NA,NA,NA,0,NA,NA,NA,NA,1900,NA,NA,NA,NA,5975,NA,NA,NA,NA,NA,NA,NA,NA,NA,425,NA,NA,NA,NA,485,NA,NA,NA,NA,0,NA,NA,NA,NA,490,NA,NA,NA,NA,0,NA,NA,NA,NA,3900,NA,NA,NA,NA,250,NA,NA,NA,NA
M17 [Vaccines],17.8',Vaccine - JE,2. Stocks Received,167805,NA,NA,NA,NA,7850,NA,NA,NA,NA,16000,NA,NA,NA,NA,2150,NA,NA,NA,NA,6750,NA,NA,NA,NA,225,NA,NA,NA,NA,8600,NA,NA,NA,NA,5000,NA,NA,NA,NA,NA,NA,NA,NA,NA,1890,NA,NA,NA,NA,0,NA,NA,NA,NA,3350,NA,NA,NA,NA,10000,NA,NA,NA,NA,3200,NA,NA,NA,NA,0,NA,NA,NA,NA,11350,NA,NA,NA,NA,17650,NA,NA,NA,NA,3200,NA,NA,NA,NA,2400,NA,NA,NA,NA,8500,NA,NA,NA,NA,9000,NA,NA,NA,NA,3300,NA,NA,NA,NA,20800,NA,NA,NA,NA,2150,NA,NA,NA,NA,3220,NA,NA,NA,NA,3720,NA,NA,NA,NA,11500,NA,NA,NA,NA,6000,NA,NA,NA,NA
M17 [Vaccines],17.8',Vaccine - JE,3. Unusable Stock,0,NA,NA,NA,NA,0,NA,NA,NA,NA,0,NA,NA,NA,NA,NA,NA,NA,NA,NA,0,NA,NA,NA,NA,0,NA,NA,NA,NA,0,NA,NA,NA,NA,0,NA,NA,NA,NA,NA,NA,NA,NA,NA,0,NA,NA,NA,NA,0,NA,NA,NA,NA,NA,NA,NA,NA,NA,0,NA,NA,NA,NA,0,NA,NA,NA,NA,0,NA,NA,NA,NA,0,NA,NA,NA,NA,0,NA,NA,NA,NA,0,NA,NA,NA,NA,0,NA,NA,NA,NA,0,NA,NA,NA,NA,NA,NA,NA,NA,NA,0,NA,NA,NA,NA,NA,NA,NA,NA,NA,0,NA,NA,NA,NA,0,NA,NA,NA,NA,0,NA,NA,NA,NA,0,NA,NA,NA,NA,0,NA,NA,NA,NA
M17 [Vaccines],17.8',Vaccine - JE,4. Stock Distributed,118895,NA,NA,NA,NA,6085,NA,NA,NA,NA,9325,NA,NA,NA,NA,640,NA,NA,NA,NA,9300,NA,NA,NA,NA,635,NA,NA,NA,NA,2850,NA,NA,NA,NA,1185,NA,NA,NA,NA,NA,NA,NA,NA,NA,1290,NA,NA,NA,NA,1200,NA,NA,NA,NA,7150,NA,NA,NA,NA,2550,NA,NA,NA,NA,3750,NA,NA,NA,NA,2510,NA,NA,NA,NA,5750,NA,NA,NA,NA,11875,NA,NA,NA,NA,3060,NA,NA,NA,NA,4200,NA,NA,NA,NA,4285,NA,NA,NA,NA,1600,NA,NA,NA,NA,3505,NA,NA,NA,NA,17250,NA,NA,NA,NA,2150,NA,NA,NA,NA,3390,NA,NA,NA,NA,3560,NA,NA,NA,NA,6100,NA,NA,NA,NA,3700,NA,NA,NA,NA
M17 [Vaccines],17.8',Vaccine - JE,5. Total Stock,105489,NA,NA,NA,NA,3225,NA,NA,NA,NA,12210,NA,NA,NA,NA,4143,NA,NA,NA,NA,1550,NA,NA,NA,NA,0,NA,NA,NA,NA,8600,NA,NA,NA,NA,4300,NA,NA,NA,NA,NA,NA,NA,NA,NA,676,NA,NA,NA,NA,610,NA,NA,NA,NA,100,NA,NA,NA,NA,10000,NA,NA,NA,NA,3330,NA,NA,NA,NA,10925,NA,NA,NA,NA,5600,NA,NA,NA,NA,5805,NA,NA,NA,NA,140,NA,NA,NA,NA,100,NA,NA,NA,NA,10190,NA,NA,NA,NA,7400,NA,NA,NA,NA,220,NA,NA,NA,NA,4035,NA,NA,NA,NA,0,NA,NA,NA,NA,320,NA,NA,NA,NA,160,NA,NA,NA,NA,9300,NA,NA,NA,NA,2550,NA,NA,NA,NA
M17 [Vaccines],'17.9',Vaccine - Hepatitis B,1. Balance From Previous Month,121283,NA,NA,NA,NA,3000,NA,NA,NA,NA,5070,NA,NA,NA,NA,2678,NA,NA,NA,NA,3150,NA,NA,NA,NA,2890,NA,NA,NA,NA,1240,NA,NA,NA,NA,5130,NA,NA,NA,NA,NA,NA,NA,NA,NA,531,NA,NA,NA,NA,1580,NA,NA,NA,NA,5420,NA,NA,NA,NA,4070,NA,NA,NA,NA,9540,NA,NA,NA,NA,9450,NA,NA,NA,NA,6000,NA,NA,NA,NA,4730,NA,NA,NA,NA,4440,NA,NA,NA,NA,7600,NA,NA,NA,NA,2770,NA,NA,NA,NA,4600,NA,NA,NA,NA,2960,NA,NA,NA,NA,13830,NA,NA,NA,NA,2660,NA,NA,NA,NA,4220,NA,NA,NA,NA,184,NA,NA,NA,NA,7470,NA,NA,NA,NA,6070,NA,NA,NA,NA
M17 [Vaccines],17.9',Vaccine - Hepatitis B,2. Stocks Received,27330,NA,NA,NA,NA,600,NA,NA,NA,NA,0,NA,NA,NA,NA,1200,NA,NA,NA,NA,0,NA,NA,NA,NA,500,NA,NA,NA,NA,1000,NA,NA,NA,NA,1500,NA,NA,NA,NA,NA,NA,NA,NA,NA,0,NA,NA,NA,NA,0,NA,NA,NA,NA,1500,NA,NA,NA,NA,0,NA,NA,NA,NA,0,NA,NA,NA,NA,2100,NA,NA,NA,NA,2100,NA,NA,NA,NA,0,NA,NA,NA,NA,2400,NA,NA,NA,NA,0,NA,NA,NA,NA,1200,NA,NA,NA,NA,1500,NA,NA,NA,NA,0,NA,NA,NA,NA,5700,NA,NA,NA,NA,1200,NA,NA,NA,NA,2000,NA,NA,NA,NA,300,NA,NA,NA,NA,1500,NA,NA,NA,NA,1030,NA,NA,NA,NA
M17 [Vaccines],17.9',Vaccine - Hepatitis B,3. Unusable Stock,0,NA,NA,NA,NA,0,NA,NA,NA,NA,0,NA,NA,NA,NA,NA,NA,NA,NA,NA,0,NA,NA,NA,NA,0,NA,NA,NA,NA,0,NA,NA,NA,NA,0,NA,NA,NA,NA,NA,NA,NA,NA,NA,0,NA,NA,NA,NA,0,NA,NA,NA,NA,NA,NA,NA,NA,NA,0,NA,NA,NA,NA,0,NA,NA,NA,NA,0,NA,NA,NA,NA,0,NA,NA,NA,NA,0,NA,NA,NA,NA,0,NA,NA,NA,NA,0,NA,NA,NA,NA,0,NA,NA,NA,NA,NA,NA,NA,NA,NA,0,NA,NA,NA,NA,NA,NA,NA,NA,NA,0,NA,NA,NA,NA,0,NA,NA,NA,NA,0,NA,NA,NA,NA,0,NA,NA,NA,NA,0,NA,NA,NA,NA
M17 [Vaccines],17.9',Vaccine - Hepatitis B,4. Stock Distributed,29270,NA,NA,NA,NA,1510,NA,NA,NA,NA,1120,NA,NA,NA,NA,825,NA,NA,NA,NA,2540,NA,NA,NA,NA,470,NA,NA,NA,NA,1200,NA,NA,NA,NA,1150,NA,NA,NA,NA,NA,NA,NA,NA,NA,85,NA,NA,NA,NA,120,NA,NA,NA,NA,900,NA,NA,NA,NA,980,NA,NA,NA,NA,1320,NA,NA,NA,NA,830,NA,NA,NA,NA,3880,NA,NA,NA,NA,1110,NA,NA,NA,NA,860,NA,NA,NA,NA,900,NA,NA,NA,NA,50,NA,NA,NA,NA,1400,NA,NA,NA,NA,880,NA,NA,NA,NA,3720,NA,NA,NA,NA,980,NA,NA,NA,NA,1160,NA,NA,NA,NA,180,NA,NA,NA,NA,800,NA,NA,NA,NA,300,NA,NA,NA,NA
M17 [Vaccines],17.9',Vaccine - Hepatitis B,5. Total Stock,103533,NA,NA,NA,NA,2090,NA,NA,NA,NA,3950,NA,NA,NA,NA,3053,NA,NA,NA,NA,610,NA,NA,NA,NA,2920,NA,NA,NA,NA,1040,NA,NA,NA,NA,5480,NA,NA,NA,NA,NA,NA,NA,NA,NA,446,NA,NA,NA,NA,1460,NA,NA,NA,NA,6020,NA,NA,NA,NA,3090,NA,NA,NA,NA,8220,NA,NA,NA,NA,10720,NA,NA,NA,NA,4220,NA,NA,NA,NA,3620,NA,NA,NA,NA,5980,NA,NA,NA,NA,6700,NA,NA,NA,NA,3920,NA,NA,NA,NA,4700,NA,NA,NA,NA,2080,NA,NA,NA,NA,NA,NA,NA,NA,NA,2880,NA,NA,NA,NA,5060,NA,NA,NA,NA,304,NA,NA,NA,NA,8170,NA,NA,NA,NA,6800,NA,NA,NA,NA
M17 [Vaccines],'17.10',Vaccine - Typhoid,1. Balance From Previous Month,282,NA,NA,NA,NA,0,NA,NA,NA,NA,0,NA,NA,NA,NA,NA,NA,NA,NA,NA,0,NA,NA,NA,NA,0,NA,NA,NA,NA,0,NA,NA,NA,NA,0,NA,NA,NA,NA,NA,NA,NA,NA,NA,282,NA,NA,NA,NA,0,NA,NA,NA,NA,NA,NA,NA,NA,NA,0,NA,NA,NA,NA,0,NA,NA,NA,NA,NA,NA,NA,NA,NA,0,NA,NA,NA,NA,0,NA,NA,NA,NA,0,NA,NA,NA,NA,0,NA,NA,NA,NA,NA,NA,NA,NA,NA,NA,NA,NA,NA,NA,0,NA,NA,NA,NA,NA,NA,NA,NA,NA,0,NA,NA,NA,NA,0,NA,NA,NA,NA,0,NA,NA,NA,NA,0,NA,NA,NA,NA,0,NA,NA,NA,NA
M17 [Vaccines],17.10',Vaccine - Typhoid,2. Stocks Received,631,NA,NA,NA,NA,0,NA,NA,NA,NA,0,NA,NA,NA,NA,NA,NA,NA,NA,NA,0,NA,NA,NA,NA,0,NA,NA,NA,NA,0,NA,NA,NA,NA,0,NA,NA,NA,NA,NA,NA,NA,NA,NA,631,NA,NA,NA,NA,0,NA,NA,NA,NA,NA,NA,NA,NA,NA,0,NA,NA,NA,NA,0,NA,NA,NA,NA,NA,NA,NA,NA,NA,0,NA,NA,NA,NA,0,NA,NA,NA,NA,0,NA,NA,NA,NA,0,NA,NA,NA,NA,NA,NA,NA,NA,NA,NA,NA,NA,NA,NA,0,NA,NA,NA,NA,NA,NA,NA,NA,NA,0,NA,NA,NA,NA,0,NA,NA,NA,NA,0,NA,NA,NA,NA,0,NA,NA,NA,NA,0,NA,NA,NA,NA
M17 [Vaccines],17.10',Vaccine - Typhoid,3. Unusable Stock,0,NA,NA,NA,NA,0,NA,NA,NA,NA,0,NA,NA,NA,NA,NA,NA,NA,NA,NA,0,NA,NA,NA,NA,0,NA,NA,NA,NA,0,NA,NA,NA,NA,0,NA,NA,NA,NA,NA,NA,NA,NA,NA,0,NA,NA,NA,NA,0,NA,NA,NA,NA,NA,NA,NA,NA,NA,0,NA,NA,NA,NA,0,NA,NA,NA,NA,NA,NA,NA,NA,NA,0,NA,NA,NA,NA,0,NA,NA,NA,NA,0,NA,NA,NA,NA,0,NA,NA,NA,NA,0,NA,NA,NA,NA,NA,NA,NA,NA,NA,0,NA,NA,NA,NA,NA,NA,NA,NA,NA,0,NA,NA,NA,NA,0,NA,NA,NA,NA,0,NA,NA,NA,NA,0,NA,NA,NA,NA,0,NA,NA,NA,NA
M17 [Vaccines],17.10',Vaccine - Typhoid,4. Stock Distributed,540,NA,NA,NA,NA,0,NA,NA,NA,NA,0,NA,NA,NA,NA,NA,NA,NA,NA,NA,0,NA,NA,NA,NA,0,NA,NA,NA,NA,0,NA,NA,NA,NA,0,NA,NA,NA,NA,NA,NA,NA,NA,NA,540,NA,NA,NA,NA,0,NA,NA,NA,NA,NA,NA,NA,NA,NA,0,NA,NA,NA,NA,0,NA,NA,NA,NA,NA,NA,NA,NA,NA,0,NA,NA,NA,NA,0,NA,NA,NA,NA,0,NA,NA,NA,NA,0,NA,NA,NA,NA,NA,NA,NA,NA,NA,NA,NA,NA,NA,NA,0,NA,NA,NA,NA,NA,NA,NA,NA,NA,0,NA,NA,NA,NA,0,NA,NA,NA,NA,0,NA,NA,NA,NA,0,NA,NA,NA,NA,0,NA,NA,NA,NA
M17 [Vaccines],17.10',Vaccine - Typhoid,5. Total Stock,373,NA,NA,NA,NA,0,NA,NA,NA,NA,0,NA,NA,NA,NA,NA,NA,NA,NA,NA,0,NA,NA,NA,NA,0,NA,NA,NA,NA,0,NA,NA,NA,NA,0,NA,NA,NA,NA,NA,NA,NA,NA,NA,373,NA,NA,NA,NA,0,NA,NA,NA,NA,NA,NA,NA,NA,NA,0,NA,NA,NA,NA,0,NA,NA,NA,NA,NA,NA,NA,NA,NA,0,NA,NA,NA,NA,0,NA,NA,NA,NA,0,NA,NA,NA,NA,0,NA,NA,NA,NA,0,NA,NA,NA,NA,NA,NA,NA,NA,NA,0,NA,NA,NA,NA,NA,NA,NA,NA,NA,0,NA,NA,NA,NA,0,NA,NA,NA,NA,0,NA,NA,NA,NA,0,NA,NA,NA,NA,0,NA,NA,NA,NA
M17 [Vaccines],'17.11',Vaccine - Vitamin K,1. Balance From Previous Month,24984,NA,NA,NA,NA,0,NA,NA,NA,NA,50,NA,NA,NA,NA,NA,NA,NA,NA,NA,180,NA,NA,NA,NA,0,NA,NA,NA,NA,0,NA,NA,NA,NA,0,NA,NA,NA,NA,NA,NA,NA,NA,NA,174,NA,NA,NA,NA,0,NA,NA,NA,NA,NA,NA,NA,NA,NA,0,NA,NA,NA,NA,5400,NA,NA,NA,NA,NA,NA,NA,NA,NA,0,NA,NA,NA,NA,0,NA,NA,NA,NA,2790,NA,NA,NA,NA,200,NA,NA,NA,NA,NA,NA,NA,NA,NA,NA,NA,NA,NA,NA,16190,NA,NA,NA,NA,NA,NA,NA,NA,NA,0,NA,NA,NA,NA,0,NA,NA,NA,NA,0,NA,NA,NA,NA,0,NA,NA,NA,NA,0,NA,NA,NA,NA
M17 [Vaccines],17.11',Vaccine - Vitamin K,2. Stocks Received,0,NA,NA,NA,NA,0,NA,NA,NA,NA,0,NA,NA,NA,NA,NA,NA,NA,NA,NA,0,NA,NA,NA,NA,0,NA,NA,NA,NA,0,NA,NA,NA,NA,0,NA,NA,NA,NA,NA,NA,NA,NA,NA,0,NA,NA,NA,NA,0,NA,NA,NA,NA,NA,NA,NA,NA,NA,0,NA,NA,NA,NA,0,NA,NA,NA,NA,NA,NA,NA,NA,NA,0,NA,NA,NA,NA,0,NA,NA,NA,NA,0,NA,NA,NA,NA,0,NA,NA,NA,NA,NA,NA,NA,NA,NA,NA,NA,NA,NA,NA,0,NA,NA,NA,NA,NA,NA,NA,NA,NA,0,NA,NA,NA,NA,0,NA,NA,NA,NA,0,NA,NA,NA,NA,0,NA,NA,NA,NA,0,NA,NA,NA,NA
M17 [Vaccines],17.11',Vaccine - Vitamin K,3. Unusable Stock,0,NA,NA,NA,NA,0,NA,NA,NA,NA,0,NA,NA,NA,NA,NA,NA,NA,NA,NA,0,NA,NA,NA,NA,0,NA,NA,NA,NA,0,NA,NA,NA,NA,0,NA,NA,NA,NA,NA,NA,NA,NA,NA,0,NA,NA,NA,NA,0,NA,NA,NA,NA,NA,NA,NA,NA,NA,0,NA,NA,NA,NA,0,NA,NA,NA,NA,NA,NA,NA,NA,NA,0,NA,NA,NA,NA,0,NA,NA,NA,NA,0,NA,NA,NA,NA,0,NA,NA,NA,NA,0,NA,NA,NA,NA,NA,NA,NA,NA,NA,0,NA,NA,NA,NA,NA,NA,NA,NA,NA,0,NA,NA,NA,NA,0,NA,NA,NA,NA,0,NA,NA,NA,NA,0,NA,NA,NA,NA,0,NA,NA,NA,NA
M17 [Vaccines],17.11',Vaccine - Vitamin K,4. Stock Distributed,5550,NA,NA,NA,NA,0,NA,NA,NA,NA,0,NA,NA,NA,NA,NA,NA,NA,NA,NA,0,NA,NA,NA,NA,0,NA,NA,NA,NA,0,NA,NA,NA,NA,0,NA,NA,NA,NA,NA,NA,NA,NA,NA,0,NA,NA,NA,NA,0,NA,NA,NA,NA,NA,NA,NA,NA,NA,0,NA,NA,NA,NA,500,NA,NA,NA,NA,NA,NA,NA,NA,NA,0,NA,NA,NA,NA,0,NA,NA,NA,NA,850,NA,NA,NA,NA,200,NA,NA,NA,NA,NA,NA,NA,NA,NA,NA,NA,NA,NA,NA,4000,NA,NA,NA,NA,NA,NA,NA,NA,NA,0,NA,NA,NA,NA,0,NA,NA,NA,NA,0,NA,NA,NA,NA,0,NA,NA,NA,NA,0,NA,NA,NA,NA
M17 [Vaccines],17.11',Vaccine - Vitamin K,5. Total Stock,19434,NA,NA,NA,NA,0,NA,NA,NA,NA,50,NA,NA,NA,NA,NA,NA,NA,NA,NA,180,NA,NA,NA,NA,0,NA,NA,NA,NA,0,NA,NA,NA,NA,0,NA,NA,NA,NA,NA,NA,NA,NA,NA,174,NA,NA,NA,NA,0,NA,NA,NA,NA,NA,NA,NA,NA,NA,0,NA,NA,NA,NA,4900,NA,NA,NA,NA,NA,NA,NA,NA,NA,0,NA,NA,NA,NA,0,NA,NA,NA,NA,1940,NA,NA,NA,NA,0,NA,NA,NA,NA,0,NA,NA,NA,NA,NA,NA,NA,NA,NA,12190,NA,NA,NA,NA,NA,NA,NA,NA,NA,0,NA,NA,NA,NA,0,NA,NA,NA,NA,0,NA,NA,NA,NA,0,NA,NA,NA,NA,0,NA,NA,NA,NA
M17 [Vaccines],'17.12',Rotavirus,1. Balance From Previous Month,176577,NA,NA,NA,NA,4590,NA,NA,NA,NA,21590,NA,NA,NA,NA,10390,NA,NA,NA,NA,14600,NA,NA,NA,NA,6990,NA,NA,NA,NA,8400,NA,NA,NA,NA,4250,NA,NA,NA,NA,NA,NA,NA,NA,NA,737,NA,NA,NA,NA,490,NA,NA,NA,NA,13420,NA,NA,NA,NA,7600,NA,NA,NA,NA,15570,NA,NA,NA,NA,18340,NA,NA,NA,NA,5070,NA,NA,NA,NA,1730,NA,NA,NA,NA,0,NA,NA,NA,NA,14700,NA,NA,NA,NA,2300,NA,NA,NA,NA,8400,NA,NA,NA,NA,2170,NA,NA,NA,NA,100,NA,NA,NA,NA,0,NA,NA,NA,NA,2540,NA,NA,NA,NA,0,NA,NA,NA,NA,11200,NA,NA,NA,NA,1400,NA,NA,NA,NA
M17 [Vaccines],17.12',Rotavirus,2. Stocks Received,165310,NA,NA,NA,NA,3900,NA,NA,NA,NA,0,NA,NA,NA,NA,6600,NA,NA,NA,NA,13500,NA,NA,NA,NA,2700,NA,NA,NA,NA,4200,NA,NA,NA,NA,3000,NA,NA,NA,NA,NA,NA,NA,NA,NA,440,NA,NA,NA,NA,3560,NA,NA,NA,NA,6600,NA,NA,NA,NA,7500,NA,NA,NA,NA,2100,NA,NA,NA,NA,9000,NA,NA,NA,NA,2700,NA,NA,NA,NA,4200,NA,NA,NA,NA,9300,NA,NA,NA,NA,12000,NA,NA,NA,NA,4200,NA,NA,NA,NA,5400,NA,NA,NA,NA,9900,NA,NA,NA,NA,30000,NA,NA,NA,NA,6600,NA,NA,NA,NA,7500,NA,NA,NA,NA,810,NA,NA,NA,NA,6000,NA,NA,NA,NA,3600,NA,NA,NA,NA
M17 [Vaccines],17.12',Rotavirus,3. Unusable Stock,0,NA,NA,NA,NA,0,NA,NA,NA,NA,0,NA,NA,NA,NA,NA,NA,NA,NA,NA,0,NA,NA,NA,NA,0,NA,NA,NA,NA,0,NA,NA,NA,NA,0,NA,NA,NA,NA,NA,NA,NA,NA,NA,0,NA,NA,NA,NA,0,NA,NA,NA,NA,NA,NA,NA,NA,NA,0,NA,NA,NA,NA,0,NA,NA,NA,NA,0,NA,NA,NA,NA,0,NA,NA,NA,NA,0,NA,NA,NA,NA,0,NA,NA,NA,NA,0,NA,NA,NA,NA,0,NA,NA,NA,NA,NA,NA,NA,NA,NA,0,NA,NA,NA,NA,NA,NA,NA,NA,NA,0,NA,NA,NA,NA,0,NA,NA,NA,NA,0,NA,NA,NA,NA,0,NA,NA,NA,NA,0,NA,NA,NA,NA
M17 [Vaccines],17.12',Rotavirus,4. Stock Distributed,200731,NA,NA,NA,NA,8250,NA,NA,NA,NA,9470,NA,NA,NA,NA,3220,NA,NA,NA,NA,18500,NA,NA,NA,NA,7830,NA,NA,NA,NA,8400,NA,NA,NA,NA,4600,NA,NA,NA,NA,NA,NA,NA,NA,NA,1151,NA,NA,NA,NA,1870,NA,NA,NA,NA,12100,NA,NA,NA,NA,7600,NA,NA,NA,NA,5930,NA,NA,NA,NA,4040,NA,NA,NA,NA,3470,NA,NA,NA,NA,5930,NA,NA,NA,NA,7270,NA,NA,NA,NA,12000,NA,NA,NA,NA,3040,NA,NA,NA,NA,9050,NA,NA,NA,NA,9760,NA,NA,NA,NA,28850,NA,NA,NA,NA,6600,NA,NA,NA,NA,9230,NA,NA,NA,NA,810,NA,NA,NA,NA,8960,NA,NA,NA,NA,2800,NA,NA,NA,NA
M17 [Vaccines],17.12',Rotavirus,5. Total Stock,139876,NA,NA,NA,NA,210,NA,NA,NA,NA,12120,NA,NA,NA,NA,13770,NA,NA,NA,NA,9600,NA,NA,NA,NA,1860,NA,NA,NA,NA,4200,NA,NA,NA,NA,2650,NA,NA,NA,NA,NA,NA,NA,NA,NA,26,NA,NA,NA,NA,2180,NA,NA,NA,NA,7920,NA,NA,NA,NA,7500,NA,NA,NA,NA,11740,NA,NA,NA,NA,23300,NA,NA,NA,NA,4300,NA,NA,NA,NA,0,NA,NA,NA,NA,2030,NA,NA,NA,NA,14700,NA,NA,NA,NA,3460,NA,NA,NA,NA,4750,NA,NA,NA,NA,2310,NA,NA,NA,NA,NA,NA,NA,NA,NA,0,NA,NA,NA,NA,810,NA,NA,NA,NA,0,NA,NA,NA,NA,8240,NA,NA,NA,NA,2200,NA,NA,NA,NA
M17 [Vaccines],'17.13',Inactivated Polio Vaccine,1. Balance From Previous Month,222529,NA,NA,NA,NA,4850,NA,NA,NA,NA,14450,NA,NA,NA,NA,10624,NA,NA,NA,NA,16550,NA,NA,NA,NA,5900,NA,NA,NA,NA,6350,NA,NA,NA,NA,6375,NA,NA,NA,NA,NA,NA,NA,NA,NA,117,NA,NA,NA,NA,4800,NA,NA,NA,NA,7875,NA,NA,NA,NA,9375,NA,NA,NA,NA,13175,NA,NA,NA,NA,21575,NA,NA,NA,NA,4100,NA,NA,NA,NA,5925,NA,NA,NA,NA,5675,NA,NA,NA,NA,19575,NA,NA,NA,NA,3825,NA,NA,NA,NA,14300,NA,NA,NA,NA,11150,NA,NA,NA,NA,16775,NA,NA,NA,NA,6400,NA,NA,NA,NA,0,NA,NA,NA,NA,288,NA,NA,NA,NA,8925,NA,NA,NA,NA,3575,NA,NA,NA,NA
M17 [Vaccines],17.13',Inactivated Polio Vaccine,2. Stocks Received,64514,NA,NA,NA,NA,250,NA,NA,NA,NA,0,NA,NA,NA,NA,2375,NA,NA,NA,NA,7400,NA,NA,NA,NA,1600,NA,NA,NA,NA,1375,NA,NA,NA,NA,0,NA,NA,NA,NA,NA,NA,NA,NA,NA,289,NA,NA,NA,NA,0,NA,NA,NA,NA,3650,NA,NA,NA,NA,0,NA,NA,NA,NA,0,NA,NA,NA,NA,5250,NA,NA,NA,NA,275,NA,NA,NA,NA,0,NA,NA,NA,NA,6000,NA,NA,NA,NA,5250,NA,NA,NA,NA,0,NA,NA,NA,NA,NA,NA,NA,NA,NA,3300,NA,NA,NA,NA,25000,NA,NA,NA,NA,2500,NA,NA,NA,NA,0,NA,NA,NA,NA,0,NA,NA,NA,NA,0,NA,NA,NA,NA,0,NA,NA,NA,NA
M17 [Vaccines],17.13',Inactivated Polio Vaccine,3. Unusable Stock,0,NA,NA,NA,NA,0,NA,NA,NA,NA,0,NA,NA,NA,NA,NA,NA,NA,NA,NA,0,NA,NA,NA,NA,0,NA,NA,NA,NA,0,NA,NA,NA,NA,0,NA,NA,NA,NA,NA,NA,NA,NA,NA,0,NA,NA,NA,NA,0,NA,NA,NA,NA,NA,NA,NA,NA,NA,0,NA,NA,NA,NA,0,NA,NA,NA,NA,0,NA,NA,NA,NA,0,NA,NA,NA,NA,0,NA,NA,NA,NA,0,NA,NA,NA,NA,0,NA,NA,NA,NA,0,NA,NA,NA,NA,NA,NA,NA,NA,NA,0,NA,NA,NA,NA,NA,NA,NA,NA,NA,0,NA,NA,NA,NA,0,NA,NA,NA,NA,0,NA,NA,NA,NA,0,NA,NA,NA,NA,0,NA,NA,NA,NA
M17 [Vaccines],17.13',Inactivated Polio Vaccine,4. Stock Distributed,145123,NA,NA,NA,NA,4725,NA,NA,NA,NA,9225,NA,NA,NA,NA,2955,NA,NA,NA,NA,12100,NA,NA,NA,NA,3135,NA,NA,NA,NA,5500,NA,NA,NA,NA,4750,NA,NA,NA,NA,NA,NA,NA,NA,NA,326,NA,NA,NA,NA,1225,NA,NA,NA,NA,8560,NA,NA,NA,NA,3900,NA,NA,NA,NA,4000,NA,NA,NA,NA,4075,NA,NA,NA,NA,4225,NA,NA,NA,NA,5800,NA,NA,NA,NA,5950,NA,NA,NA,NA,6600,NA,NA,NA,NA,1375,NA,NA,NA,NA,8975,NA,NA,NA,NA,6650,NA,NA,NA,NA,25150,NA,NA,NA,NA,5325,NA,NA,NA,NA,0,NA,NA,NA,NA,222,NA,NA,NA,NA,7200,NA,NA,NA,NA,3175,NA,NA,NA,NA
M17 [Vaccines],17.13',Inactivated Polio Vaccine,5. Total Stock,125295,NA,NA,NA,NA,375,NA,NA,NA,NA,5225,NA,NA,NA,NA,10044,NA,NA,NA,NA,11850,NA,NA,NA,NA,4365,NA,NA,NA,NA,2225,NA,NA,NA,NA,1625,NA,NA,NA,NA,NA,NA,NA,NA,NA,80,NA,NA,NA,NA,3575,NA,NA,NA,NA,2965,NA,NA,NA,NA,5475,NA,NA,NA,NA,9175,NA,NA,NA,NA,22750,NA,NA,NA,NA,150,NA,NA,NA,NA,125,NA,NA,NA,NA,5725,NA,NA,NA,NA,18225,NA,NA,NA,NA,2450,NA,NA,NA,NA,5325,NA,NA,NA,NA,7800,NA,NA,NA,NA,NA,NA,NA,NA,NA,3575,NA,NA,NA,NA,0,NA,NA,NA,NA,66,NA,NA,NA,NA,1725,NA,NA,NA,NA,400,NA,NA,NA,NA
M17 [Vaccines],'17.14',Measles Rubella (MR),1. Balance From Previous Month,336148,NA,NA,NA,NA,7580,NA,NA,NA,NA,22060,NA,NA,NA,NA,17830,NA,NA,NA,NA,24300,NA,NA,NA,NA,2030,NA,NA,NA,NA,9290,NA,NA,NA,NA,9260,NA,NA,NA,NA,NA,NA,NA,NA,NA,1682,NA,NA,NA,NA,0,NA,NA,NA,NA,28170,NA,NA,NA,NA,11000,NA,NA,NA,NA,20400,NA,NA,NA,NA,23746,NA,NA,NA,NA,12290,NA,NA,NA,NA,4500,NA,NA,NA,NA,NA,NA,NA,NA,NA,32200,NA,NA,NA,NA,11960,NA,NA,NA,NA,12800,NA,NA,NA,NA,2740,NA,NA,NA,NA,22370,NA,NA,NA,NA,6600,NA,NA,NA,NA,12140,NA,NA,NA,NA,200,NA,NA,NA,NA,38000,NA,NA,NA,NA,3000,NA,NA,NA,NA
M17 [Vaccines],17.14',Measles Rubella (MR),2. Stocks Received,221420,NA,NA,NA,NA,5000,NA,NA,NA,NA,0,NA,NA,NA,NA,12000,NA,NA,NA,NA,34500,NA,NA,NA,NA,4000,NA,NA,NA,NA,8000,NA,NA,NA,NA,6000,NA,NA,NA,NA,NA,NA,NA,NA,NA,0,NA,NA,NA,NA,5320,NA,NA,NA,NA,10000,NA,NA,NA,NA,18000,NA,NA,NA,NA,1000,NA,NA,NA,NA,10000,NA,NA,NA,NA,8000,NA,NA,NA,NA,6000,NA,NA,NA,NA,0,NA,NA,NA,NA,15000,NA,NA,NA,NA,8500,NA,NA,NA,NA,11000,NA,NA,NA,NA,10000,NA,NA,NA,NA,10000,NA,NA,NA,NA,5000,NA,NA,NA,NA,10000,NA,NA,NA,NA,1600,NA,NA,NA,NA,15000,NA,NA,NA,NA,7500,NA,NA,NA,NA
M17 [Vaccines],17.14',Measles Rubella (MR),3. Unusable Stock,0,NA,NA,NA,NA,0,NA,NA,NA,NA,0,NA,NA,NA,NA,NA,NA,NA,NA,NA,0,NA,NA,NA,NA,0,NA,NA,NA,NA,0,NA,NA,NA,NA,0,NA,NA,NA,NA,NA,NA,NA,NA,NA,0,NA,NA,NA,NA,0,NA,NA,NA,NA,NA,NA,NA,NA,NA,0,NA,NA,NA,NA,0,NA,NA,NA,NA,0,NA,NA,NA,NA,0,NA,NA,NA,NA,0,NA,NA,NA,NA,0,NA,NA,NA,NA,0,NA,NA,NA,NA,0,NA,NA,NA,NA,NA,NA,NA,NA,NA,0,NA,NA,NA,NA,NA,NA,NA,NA,NA,0,NA,NA,NA,NA,0,NA,NA,NA,NA,0,NA,NA,NA,NA,0,NA,NA,NA,NA,0,NA,NA,NA,NA
M17 [Vaccines],17.14',Measles Rubella (MR),4. Stock Distributed,198760,NA,NA,NA,NA,7180,NA,NA,NA,NA,10610,NA,NA,NA,NA,4520,NA,NA,NA,NA,16900,NA,NA,NA,NA,3550,NA,NA,NA,NA,8200,NA,NA,NA,NA,4390,NA,NA,NA,NA,NA,NA,NA,NA,NA,1050,NA,NA,NA,NA,1370,NA,NA,NA,NA,8600,NA,NA,NA,NA,5700,NA,NA,NA,NA,5490,NA,NA,NA,NA,4540,NA,NA,NA,NA,8950,NA,NA,NA,NA,9040,NA,NA,NA,NA,0,NA,NA,NA,NA,10500,NA,NA,NA,NA,10250,NA,NA,NA,NA,10800,NA,NA,NA,NA,8020,NA,NA,NA,NA,26700,NA,NA,NA,NA,6600,NA,NA,NA,NA,8010,NA,NA,NA,NA,1270,NA,NA,NA,NA,11520,NA,NA,NA,NA,5000,NA,NA,NA,NA
M17 [Vaccines],17.14',Measles Rubella (MR),5. Total Stock,353138,NA,NA,NA,NA,5400,NA,NA,NA,NA,11450,NA,NA,NA,NA,25310,NA,NA,NA,NA,41900,NA,NA,NA,NA,2480,NA,NA,NA,NA,9090,NA,NA,NA,NA,10870,NA,NA,NA,NA,NA,NA,NA,NA,NA,632,NA,NA,NA,NA,3950,NA,NA,NA,NA,29570,NA,NA,NA,NA,23300,NA,NA,NA,NA,15910,NA,NA,NA,NA,29206,NA,NA,NA,NA,11340,NA,NA,NA,NA,1460,NA,NA,NA,NA,0,NA,NA,NA,NA,36700,NA,NA,NA,NA,10210,NA,NA,NA,NA,13000,NA,NA,NA,NA,4720,NA,NA,NA,NA,NA,NA,NA,NA,NA,5000,NA,NA,NA,NA,14130,NA,NA,NA,NA,530,NA,NA,NA,NA,41480,NA,NA,NA,NA,5500,NA,NA,NA,NA
M18 [Family Planning],'18.1',IUD 380 A,1. Balance From Previous Month,37968,NA,NA,NA,NA,1202,NA,NA,NA,NA,1138,NA,NA,NA,NA,NA,NA,NA,NA,NA,3350,NA,NA,NA,NA,1200,NA,NA,NA,NA,1800,NA,NA,NA,NA,575,NA,NA,NA,NA,NA,NA,NA,NA,NA,2100,NA,NA,NA,NA,NA,NA,NA,NA,NA,0,NA,NA,NA,NA,2460,NA,NA,NA,NA,0,NA,NA,NA,NA,NA,NA,NA,NA,NA,NA,NA,NA,NA,NA,0,NA,NA,NA,NA,2625,NA,NA,NA,NA,3280,NA,NA,NA,NA,250,NA,NA,NA,NA,565,NA,NA,NA,NA,5065,NA,NA,NA,NA,3800,NA,NA,NA,NA,1200,NA,NA,NA,NA,2040,NA,NA,NA,NA,3100,NA,NA,NA,NA,2218,NA,NA,NA,NA,NA,NA,NA,NA,NA
M18 [Family Planning],18.1',IUD 380 A,2. Stocks Received,0,NA,NA,NA,NA,0,NA,NA,NA,NA,0,NA,NA,NA,NA,NA,NA,NA,NA,NA,0,NA,NA,NA,NA,0,NA,NA,NA,NA,0,NA,NA,NA,NA,0,NA,NA,NA,NA,NA,NA,NA,NA,NA,0,NA,NA,NA,NA,NA,NA,NA,NA,NA,0,NA,NA,NA,NA,0,NA,NA,NA,NA,0,NA,NA,NA,NA,NA,NA,NA,NA,NA,NA,NA,NA,NA,NA,0,NA,NA,NA,NA,0,NA,NA,NA,NA,0,NA,NA,NA,NA,0,NA,NA,NA,NA,0,NA,NA,NA,NA,0,NA,NA,NA,NA,NA,NA,NA,NA,NA,0,NA,NA,NA,NA,0,NA,NA,NA,NA,0,NA,NA,NA,NA,0,NA,NA,NA,NA,NA,NA,NA,NA,NA
M18 [Family Planning],18.1',IUD 380 A,3. Unusable Stock,0,NA,NA,NA,NA,0,NA,NA,NA,NA,0,NA,NA,NA,NA,NA,NA,NA,NA,NA,0,NA,NA,NA,NA,0,NA,NA,NA,NA,0,NA,NA,NA,NA,0,NA,NA,NA,NA,NA,NA,NA,NA,NA,0,NA,NA,NA,NA,NA,NA,NA,NA,NA,NA,NA,NA,NA,NA,0,NA,NA,NA,NA,0,NA,NA,NA,NA,NA,NA,NA,NA,NA,NA,NA,NA,NA,NA,0,NA,NA,NA,NA,0,NA,NA,NA,NA,0,NA,NA,NA,NA,0,NA,NA,NA,NA,NA,NA,NA,NA,NA,0,NA,NA,NA,NA,NA,NA,NA,NA,NA,0,NA,NA,NA,NA,0,NA,NA,NA,NA,0,NA,NA,NA,NA,0,NA,NA,NA,NA,NA,NA,NA,NA,NA
M18 [Family Planning],18.1',IUD 380 A,4. Stock Distributed,5478,NA,NA,NA,NA,0,NA,NA,NA,NA,738,NA,NA,NA,NA,NA,NA,NA,NA,NA,950,NA,NA,NA,NA,0,NA,NA,NA,NA,180,NA,NA,NA,NA,0,NA,NA,NA,NA,NA,NA,NA,NA,NA,0,NA,NA,NA,NA,NA,NA,NA,NA,NA,0,NA,NA,NA,NA,300,NA,NA,NA,NA,0,NA,NA,NA,NA,NA,NA,NA,NA,NA,NA,NA,NA,NA,NA,0,NA,NA,NA,NA,0,NA,NA,NA,NA,990,NA,NA,NA,NA,100,NA,NA,NA,NA,65,NA,NA,NA,NA,150,NA,NA,NA,NA,1675,NA,NA,NA,NA,200,NA,NA,NA,NA,0,NA,NA,NA,NA,50,NA,NA,NA,NA,80,NA,NA,NA,NA,NA,NA,NA,NA,NA
M18 [Family Planning],18.1',IUD 380 A,5. Total Stock,32490,NA,NA,NA,NA,1202,NA,NA,NA,NA,400,NA,NA,NA,NA,0,NA,NA,NA,NA,2400,NA,NA,NA,NA,1200,NA,NA,NA,NA,1620,NA,NA,NA,NA,575,NA,NA,NA,NA,NA,NA,NA,NA,NA,2100,NA,NA,NA,NA,0,NA,NA,NA,NA,0,NA,NA,NA,NA,2160,NA,NA,NA,NA,0,NA,NA,NA,NA,0,NA,NA,NA,NA,0,NA,NA,NA,NA,0,NA,NA,NA,NA,2625,NA,NA,NA,NA,2290,NA,NA,NA,NA,150,NA,NA,NA,NA,500,NA,NA,NA,NA,4915,NA,NA,NA,NA,2125,NA,NA,NA,NA,1000,NA,NA,NA,NA,2040,NA,NA,NA,NA,3050,NA,NA,NA,NA,2138,NA,NA,NA,NA,0,NA,NA,NA,NA
M18 [Family Planning],'18.2',IUD 375 A,1. Balance From Previous Month,26429,NA,NA,NA,NA,2800,NA,NA,NA,NA,1200,NA,NA,NA,NA,NA,NA,NA,NA,NA,1989,NA,NA,NA,NA,150,NA,NA,NA,NA,2200,NA,NA,NA,NA,210,NA,NA,NA,NA,NA,NA,NA,NA,NA,1040,NA,NA,NA,NA,NA,NA,NA,NA,NA,0,NA,NA,NA,NA,2612,NA,NA,NA,NA,0,NA,NA,NA,NA,NA,NA,NA,NA,NA,NA,NA,NA,NA,NA,0,NA,NA,NA,NA,1170,NA,NA,NA,NA,3180,NA,NA,NA,NA,290,NA,NA,NA,NA,1042,NA,NA,NA,NA,300,NA,NA,NA,NA,1900,NA,NA,NA,NA,1000,NA,NA,NA,NA,1125,NA,NA,NA,NA,2356,NA,NA,NA,NA,1865,NA,NA,NA,NA,NA,NA,NA,NA,NA
M18 [Family Planning],18.2',IUD 375 A,2. Stocks Received,0,NA,NA,NA,NA,0,NA,NA,NA,NA,0,NA,NA,NA,NA,NA,NA,NA,NA,NA,0,NA,NA,NA,NA,0,NA,NA,NA,NA,0,NA,NA,NA,NA,0,NA,NA,NA,NA,NA,NA,NA,NA,NA,0,NA,NA,NA,NA,NA,NA,NA,NA,NA,0,NA,NA,NA,NA,0,NA,NA,NA,NA,0,NA,NA,NA,NA,NA,NA,NA,NA,NA,NA,NA,NA,NA,NA,0,NA,NA,NA,NA,0,NA,NA,NA,NA,0,NA,NA,NA,NA,0,NA,NA,NA,NA,0,NA,NA,NA,NA,0,NA,NA,NA,NA,NA,NA,NA,NA,NA,0,NA,NA,NA,NA,0,NA,NA,NA,NA,0,NA,NA,NA,NA,0,NA,NA,NA,NA,NA,NA,NA,NA,NA
M18 [Family Planning],18.2',IUD 375 A,3. Unusable Stock,0,NA,NA,NA,NA,0,NA,NA,NA,NA,0,NA,NA,NA,NA,NA,NA,NA,NA,NA,0,NA,NA,NA,NA,0,NA,NA,NA,NA,0,NA,NA,NA,NA,0,NA,NA,NA,NA,NA,NA,NA,NA,NA,0,NA,NA,NA,NA,NA,NA,NA,NA,NA,NA,NA,NA,NA,NA,0,NA,NA,NA,NA,0,NA,NA,NA,NA,NA,NA,NA,NA,NA,NA,NA,NA,NA,NA,0,NA,NA,NA,NA,0,NA,NA,NA,NA,0,NA,NA,NA,NA,0,NA,NA,NA,NA,NA,NA,NA,NA,NA,0,NA,NA,NA,NA,NA,NA,NA,NA,NA,0,NA,NA,NA,NA,0,NA,NA,NA,NA,0,NA,NA,NA,NA,0,NA,NA,NA,NA,NA,NA,NA,NA,NA
M18 [Family Planning],18.2',IUD 375 A,4. Stock Distributed,3996,NA,NA,NA,NA,0,NA,NA,NA,NA,400,NA,NA,NA,NA,NA,NA,NA,NA,NA,400,NA,NA,NA,NA,0,NA,NA,NA,NA,330,NA,NA,NA,NA,0,NA,NA,NA,NA,NA,NA,NA,NA,NA,0,NA,NA,NA,NA,NA,NA,NA,NA,NA,0,NA,NA,NA,NA,0,NA,NA,NA,NA,0,NA,NA,NA,NA,NA,NA,NA,NA,NA,NA,NA,NA,NA,NA,0,NA,NA,NA,NA,0,NA,NA,NA,NA,840,NA,NA,NA,NA,100,NA,NA,NA,NA,42,NA,NA,NA,NA,0,NA,NA,NA,NA,700,NA,NA,NA,NA,100,NA,NA,NA,NA,870,NA,NA,NA,NA,70,NA,NA,NA,NA,144,NA,NA,NA,NA,NA,NA,NA,NA,NA
M18 [Family Planning],18.2',IUD 375 A,5. Total Stock,22433,NA,NA,NA,NA,2800,NA,NA,NA,NA,800,NA,NA,NA,NA,0,NA,NA,NA,NA,1589,NA,NA,NA,NA,150,NA,NA,NA,NA,1870,NA,NA,NA,NA,210,NA,NA,NA,NA,NA,NA,NA,NA,NA,1040,NA,NA,NA,NA,0,NA,NA,NA,NA,0,NA,NA,NA,NA,2612,NA,NA,NA,NA,0,NA,NA,NA,NA,0,NA,NA,NA,NA,0,NA,NA,NA,NA,0,NA,NA,NA,NA,1170,NA,NA,NA,NA,2340,NA,NA,NA,NA,190,NA,NA,NA,NA,1000,NA,NA,NA,NA,300,NA,NA,NA,NA,1200,NA,NA,NA,NA,900,NA,NA,NA,NA,255,NA,NA,NA,NA,2286,NA,NA,NA,NA,1721,NA,NA,NA,NA,0,NA,NA,NA,NA
M18 [Family Planning],'18.3',Condoms,1. Balance From Previous Month,1189528,NA,NA,NA,NA,43800,NA,NA,NA,NA,10320,NA,NA,NA,NA,NA,NA,NA,NA,NA,90874,NA,NA,NA,NA,6750,NA,NA,NA,NA,63790,NA,NA,NA,NA,29030,NA,NA,NA,NA,NA,NA,NA,NA,NA,0,NA,NA,NA,NA,NA,NA,NA,NA,NA,0,NA,NA,NA,NA,269378,NA,NA,NA,NA,0,NA,NA,NA,NA,NA,NA,NA,NA,NA,NA,NA,NA,NA,NA,0,NA,NA,NA,NA,159767,NA,NA,NA,NA,132260,NA,NA,NA,NA,800,NA,NA,NA,NA,6230,NA,NA,NA,NA,10200,NA,NA,NA,NA,60000,NA,NA,NA,NA,25800,NA,NA,NA,NA,23552,NA,NA,NA,NA,195600,NA,NA,NA,NA,61377,NA,NA,NA,NA,NA,NA,NA,NA,NA
M18 [Family Planning],18.3',Condoms,2. Stocks Received,0,NA,NA,NA,NA,0,NA,NA,NA,NA,0,NA,NA,NA,NA,NA,NA,NA,NA,NA,0,NA,NA,NA,NA,0,NA,NA,NA,NA,0,NA,NA,NA,NA,0,NA,NA,NA,NA,NA,NA,NA,NA,NA,0,NA,NA,NA,NA,NA,NA,NA,NA,NA,0,NA,NA,NA,NA,0,NA,NA,NA,NA,0,NA,NA,NA,NA,NA,NA,NA,NA,NA,NA,NA,NA,NA,NA,0,NA,NA,NA,NA,0,NA,NA,NA,NA,0,NA,NA,NA,NA,0,NA,NA,NA,NA,0,NA,NA,NA,NA,0,NA,NA,NA,NA,NA,NA,NA,NA,NA,0,NA,NA,NA,NA,0,NA,NA,NA,NA,0,NA,NA,NA,NA,0,NA,NA,NA,NA,NA,NA,NA,NA,NA
M18 [Family Planning],18.3',Condoms,3. Unusable Stock,0,NA,NA,NA,NA,0,NA,NA,NA,NA,0,NA,NA,NA,NA,NA,NA,NA,NA,NA,0,NA,NA,NA,NA,0,NA,NA,NA,NA,0,NA,NA,NA,NA,0,NA,NA,NA,NA,NA,NA,NA,NA,NA,0,NA,NA,NA,NA,NA,NA,NA,NA,NA,NA,NA,NA,NA,NA,0,NA,NA,NA,NA,0,NA,NA,NA,NA,NA,NA,NA,NA,NA,NA,NA,NA,NA,NA,0,NA,NA,NA,NA,0,NA,NA,NA,NA,0,NA,NA,NA,NA,0,NA,NA,NA,NA,NA,NA,NA,NA,NA,0,NA,NA,NA,NA,NA,NA,NA,NA,NA,0,NA,NA,NA,NA,0,NA,NA,NA,NA,0,NA,NA,NA,NA,0,NA,NA,NA,NA,NA,NA,NA,NA,NA
M18 [Family Planning],18.3',Condoms,4. Stock Distributed,98006,NA,NA,NA,NA,0,NA,NA,NA,NA,4440,NA,NA,NA,NA,NA,NA,NA,NA,NA,24000,NA,NA,NA,NA,0,NA,NA,NA,NA,8680,NA,NA,NA,NA,0,NA,NA,NA,NA,NA,NA,NA,NA,NA,0,NA,NA,NA,NA,NA,NA,NA,NA,NA,0,NA,NA,NA,NA,0,NA,NA,NA,NA,0,NA,NA,NA,NA,NA,NA,NA,NA,NA,NA,NA,NA,NA,NA,0,NA,NA,NA,NA,0,NA,NA,NA,NA,28470,NA,NA,NA,NA,0,NA,NA,NA,NA,3800,NA,NA,NA,NA,600,NA,NA,NA,NA,15220,NA,NA,NA,NA,5000,NA,NA,NA,NA,6996,NA,NA,NA,NA,600,NA,NA,NA,NA,200,NA,NA,NA,NA,NA,NA,NA,NA,NA
M18 [Family Planning],18.3',Condoms,5. Total Stock,1091522,NA,NA,NA,NA,43800,NA,NA,NA,NA,5880,NA,NA,NA,NA,0,NA,NA,NA,NA,66874,NA,NA,NA,NA,6750,NA,NA,NA,NA,55110,NA,NA,NA,NA,29030,NA,NA,NA,NA,NA,NA,NA,NA,NA,0,NA,NA,NA,NA,0,NA,NA,NA,NA,0,NA,NA,NA,NA,269378,NA,NA,NA,NA,0,NA,NA,NA,NA,0,NA,NA,NA,NA,0,NA,NA,NA,NA,0,NA,NA,NA,NA,159767,NA,NA,NA,NA,103790,NA,NA,NA,NA,800,NA,NA,NA,NA,2430,NA,NA,NA,NA,9600,NA,NA,NA,NA,44780,NA,NA,NA,NA,20800,NA,NA,NA,NA,16556,NA,NA,NA,NA,195000,NA,NA,NA,NA,61177,NA,NA,NA,NA,0,NA,NA,NA,NA
M18 [Family Planning],'18.4',Oral Contraceptive,1. Balance From Previous Month,1129876,NA,NA,NA,NA,10400,NA,NA,NA,NA,17400,NA,NA,NA,NA,NA,NA,NA,NA,NA,110720,NA,NA,NA,NA,49400,NA,NA,NA,NA,39600,NA,NA,NA,NA,46075,NA,NA,NA,NA,NA,NA,NA,NA,NA,99835,NA,NA,NA,NA,NA,NA,NA,NA,NA,0,NA,NA,NA,NA,52721,NA,NA,NA,NA,0,NA,NA,NA,NA,NA,NA,NA,NA,NA,NA,NA,NA,NA,NA,0,NA,NA,NA,NA,76480,NA,NA,NA,NA,49129,NA,NA,NA,NA,25980,NA,NA,NA,NA,31100,NA,NA,NA,NA,70800,NA,NA,NA,NA,102000,NA,NA,NA,NA,50221,NA,NA,NA,NA,86915,NA,NA,NA,NA,137830,NA,NA,NA,NA,73270,NA,NA,NA,NA,NA,NA,NA,NA,NA
M18 [Family Planning],18.4',Oral Contraceptive,2. Stocks Received,0,NA,NA,NA,NA,0,NA,NA,NA,NA,0,NA,NA,NA,NA,NA,NA,NA,NA,NA,0,NA,NA,NA,NA,0,NA,NA,NA,NA,0,NA,NA,NA,NA,0,NA,NA,NA,NA,NA,NA,NA,NA,NA,0,NA,NA,NA,NA,NA,NA,NA,NA,NA,0,NA,NA,NA,NA,0,NA,NA,NA,NA,0,NA,NA,NA,NA,NA,NA,NA,NA,NA,NA,NA,NA,NA,NA,0,NA,NA,NA,NA,0,NA,NA,NA,NA,0,NA,NA,NA,NA,0,NA,NA,NA,NA,0,NA,NA,NA,NA,0,NA,NA,NA,NA,NA,NA,NA,NA,NA,0,NA,NA,NA,NA,0,NA,NA,NA,NA,0,NA,NA,NA,NA,0,NA,NA,NA,NA,NA,NA,NA,NA,NA
M18 [Family Planning],18.4',Oral Contraceptive,3. Unusable Stock,0,NA,NA,NA,NA,0,NA,NA,NA,NA,0,NA,NA,NA,NA,NA,NA,NA,NA,NA,0,NA,NA,NA,NA,0,NA,NA,NA,NA,0,NA,NA,NA,NA,0,NA,NA,NA,NA,NA,NA,NA,NA,NA,0,NA,NA,NA,NA,NA,NA,NA,NA,NA,NA,NA,NA,NA,NA,0,NA,NA,NA,NA,0,NA,NA,NA,NA,NA,NA,NA,NA,NA,NA,NA,NA,NA,NA,0,NA,NA,NA,NA,0,NA,NA,NA,NA,0,NA,NA,NA,NA,0,NA,NA,NA,NA,NA,NA,NA,NA,NA,0,NA,NA,NA,NA,NA,NA,NA,NA,NA,0,NA,NA,NA,NA,0,NA,NA,NA,NA,0,NA,NA,NA,NA,0,NA,NA,NA,NA,NA,NA,NA,NA,NA
M18 [Family Planning],18.4',Oral Contraceptive,4. Stock Distributed,93999,NA,NA,NA,NA,0,NA,NA,NA,NA,100,NA,NA,NA,NA,NA,NA,NA,NA,NA,3800,NA,NA,NA,NA,0,NA,NA,NA,NA,6100,NA,NA,NA,NA,0,NA,NA,NA,NA,NA,NA,NA,NA,NA,0,NA,NA,NA,NA,NA,NA,NA,NA,NA,0,NA,NA,NA,NA,4400,NA,NA,NA,NA,0,NA,NA,NA,NA,NA,NA,NA,NA,NA,NA,NA,NA,NA,NA,0,NA,NA,NA,NA,0,NA,NA,NA,NA,8319,NA,NA,NA,NA,15000,NA,NA,NA,NA,3100,NA,NA,NA,NA,1000,NA,NA,NA,NA,34000,NA,NA,NA,NA,10000,NA,NA,NA,NA,7100,NA,NA,NA,NA,1000,NA,NA,NA,NA,80,NA,NA,NA,NA,NA,NA,NA,NA,NA
M18 [Family Planning],18.4',Oral Contraceptive,5. Total Stock,1035877,NA,NA,NA,NA,10400,NA,NA,NA,NA,17300,NA,NA,NA,NA,0,NA,NA,NA,NA,106920,NA,NA,NA,NA,49400,NA,NA,NA,NA,33500,NA,NA,NA,NA,46075,NA,NA,NA,NA,NA,NA,NA,NA,NA,99835,NA,NA,NA,NA,0,NA,NA,NA,NA,0,NA,NA,NA,NA,48321,NA,NA,NA,NA,0,NA,NA,NA,NA,0,NA,NA,NA,NA,0,NA,NA,NA,NA,0,NA,NA,NA,NA,76480,NA,NA,NA,NA,40810,NA,NA,NA,NA,10980,NA,NA,NA,NA,28000,NA,NA,NA,NA,69800,NA,NA,NA,NA,68000,NA,NA,NA,NA,40221,NA,NA,NA,NA,79815,NA,NA,NA,NA,136830,NA,NA,NA,NA,73190,NA,NA,NA,NA,0,NA,NA,NA,NA
M18 [Family Planning],'18.5',Emergency Contraceptive Pills,1. Balance From Previous Month,138158,NA,NA,NA,NA,300,NA,NA,NA,NA,1800,NA,NA,NA,NA,NA,NA,NA,NA,NA,11600,NA,NA,NA,NA,600,NA,NA,NA,NA,13200,NA,NA,NA,NA,1000,NA,NA,NA,NA,NA,NA,NA,NA,NA,4180,NA,NA,NA,NA,NA,NA,NA,NA,NA,0,NA,NA,NA,NA,6180,NA,NA,NA,NA,0,NA,NA,NA,NA,NA,NA,NA,NA,NA,NA,NA,NA,NA,NA,0,NA,NA,NA,NA,6532,NA,NA,NA,NA,29610,NA,NA,NA,NA,600,NA,NA,NA,NA,3820,NA,NA,NA,NA,2000,NA,NA,NA,NA,6200,NA,NA,NA,NA,5276,NA,NA,NA,NA,6960,NA,NA,NA,NA,3000,NA,NA,NA,NA,35300,NA,NA,NA,NA,NA,NA,NA,NA,NA
M18 [Family Planning],18.5',Emergency Contraceptive Pills,2. Stocks Received,0,NA,NA,NA,NA,0,NA,NA,NA,NA,0,NA,NA,NA,NA,NA,NA,NA,NA,NA,0,NA,NA,NA,NA,0,NA,NA,NA,NA,0,NA,NA,NA,NA,0,NA,NA,NA,NA,NA,NA,NA,NA,NA,0,NA,NA,NA,NA,NA,NA,NA,NA,NA,0,NA,NA,NA,NA,0,NA,NA,NA,NA,0,NA,NA,NA,NA,NA,NA,NA,NA,NA,NA,NA,NA,NA,NA,0,NA,NA,NA,NA,0,NA,NA,NA,NA,0,NA,NA,NA,NA,0,NA,NA,NA,NA,0,NA,NA,NA,NA,0,NA,NA,NA,NA,NA,NA,NA,NA,NA,0,NA,NA,NA,NA,0,NA,NA,NA,NA,0,NA,NA,NA,NA,0,NA,NA,NA,NA,NA,NA,NA,NA,NA
M18 [Family Planning],18.5',Emergency Contraceptive Pills,3. Unusable Stock,0,NA,NA,NA,NA,0,NA,NA,NA,NA,0,NA,NA,NA,NA,NA,NA,NA,NA,NA,0,NA,NA,NA,NA,0,NA,NA,NA,NA,0,NA,NA,NA,NA,0,NA,NA,NA,NA,NA,NA,NA,NA,NA,0,NA,NA,NA,NA,NA,NA,NA,NA,NA,NA,NA,NA,NA,NA,0,NA,NA,NA,NA,0,NA,NA,NA,NA,NA,NA,NA,NA,NA,NA,NA,NA,NA,NA,0,NA,NA,NA,NA,0,NA,NA,NA,NA,0,NA,NA,NA,NA,0,NA,NA,NA,NA,NA,NA,NA,NA,NA,0,NA,NA,NA,NA,NA,NA,NA,NA,NA,0,NA,NA,NA,NA,0,NA,NA,NA,NA,0,NA,NA,NA,NA,0,NA,NA,NA,NA,NA,NA,NA,NA,NA
M18 [Family Planning],18.5',Emergency Contraceptive Pills,4. Stock Distributed,21535,NA,NA,NA,NA,0,NA,NA,NA,NA,200,NA,NA,NA,NA,NA,NA,NA,NA,NA,3200,NA,NA,NA,NA,0,NA,NA,NA,NA,920,NA,NA,NA,NA,0,NA,NA,NA,NA,NA,NA,NA,NA,NA,0,NA,NA,NA,NA,NA,NA,NA,NA,NA,0,NA,NA,NA,NA,900,NA,NA,NA,NA,0,NA,NA,NA,NA,NA,NA,NA,NA,NA,NA,NA,NA,NA,NA,0,NA,NA,NA,NA,0,NA,NA,NA,NA,4110,NA,NA,NA,NA,100,NA,NA,NA,NA,570,NA,NA,NA,NA,125,NA,NA,NA,NA,3850,NA,NA,NA,NA,1000,NA,NA,NA,NA,6360,NA,NA,NA,NA,0,NA,NA,NA,NA,200,NA,NA,NA,NA,NA,NA,NA,NA,NA
M18 [Family Planning],18.5',Emergency Contraceptive Pills,5. Total Stock,116623,NA,NA,NA,NA,300,NA,NA,NA,NA,1600,NA,NA,NA,NA,0,NA,NA,NA,NA,8400,NA,NA,NA,NA,600,NA,NA,NA,NA,12280,NA,NA,NA,NA,1000,NA,NA,NA,NA,NA,NA,NA,NA,NA,4180,NA,NA,NA,NA,0,NA,NA,NA,NA,0,NA,NA,NA,NA,5280,NA,NA,NA,NA,0,NA,NA,NA,NA,0,NA,NA,NA,NA,0,NA,NA,NA,NA,0,NA,NA,NA,NA,6532,NA,NA,NA,NA,25500,NA,NA,NA,NA,500,NA,NA,NA,NA,3250,NA,NA,NA,NA,1875,NA,NA,NA,NA,2350,NA,NA,NA,NA,4276,NA,NA,NA,NA,600,NA,NA,NA,NA,3000,NA,NA,NA,NA,35100,NA,NA,NA,NA,0,NA,NA,NA,NA
M18 [Family Planning],'18.6',Centchroman weekly pills,1. Balance From Previous Month,52390,NA,NA,NA,NA,0,NA,NA,NA,NA,800,NA,NA,NA,NA,NA,NA,NA,NA,NA,600,NA,NA,NA,NA,1000,NA,NA,NA,NA,1200,NA,NA,NA,NA,1100,NA,NA,NA,NA,NA,NA,NA,NA,NA,3000,NA,NA,NA,NA,NA,NA,NA,NA,NA,0,NA,NA,NA,NA,10460,NA,NA,NA,NA,0,NA,NA,NA,NA,NA,NA,NA,NA,NA,NA,NA,NA,NA,NA,0,NA,NA,NA,NA,2880,NA,NA,NA,NA,5760,NA,NA,NA,NA,1000,NA,NA,NA,NA,0,NA,NA,NA,NA,9000,NA,NA,NA,NA,3600,NA,NA,NA,NA,1900,NA,NA,NA,NA,5980,NA,NA,NA,NA,1000,NA,NA,NA,NA,3110,NA,NA,NA,NA,NA,NA,NA,NA,NA
M18 [Family Planning],18.6',Centchroman weekly pills,2. Stocks Received,0,NA,NA,NA,NA,0,NA,NA,NA,NA,0,NA,NA,NA,NA,NA,NA,NA,NA,NA,0,NA,NA,NA,NA,0,NA,NA,NA,NA,0,NA,NA,NA,NA,0,NA,NA,NA,NA,NA,NA,NA,NA,NA,0,NA,NA,NA,NA,NA,NA,NA,NA,NA,0,NA,NA,NA,NA,0,NA,NA,NA,NA,0,NA,NA,NA,NA,NA,NA,NA,NA,NA,NA,NA,NA,NA,NA,0,NA,NA,NA,NA,0,NA,NA,NA,NA,0,NA,NA,NA,NA,0,NA,NA,NA,NA,0,NA,NA,NA,NA,0,NA,NA,NA,NA,NA,NA,NA,NA,NA,0,NA,NA,NA,NA,0,NA,NA,NA,NA,0,NA,NA,NA,NA,0,NA,NA,NA,NA,NA,NA,NA,NA,NA
M18 [Family Planning],18.6',Centchroman weekly pills,3. Unusable Stock,0,NA,NA,NA,NA,0,NA,NA,NA,NA,0,NA,NA,NA,NA,NA,NA,NA,NA,NA,0,NA,NA,NA,NA,0,NA,NA,NA,NA,0,NA,NA,NA,NA,0,NA,NA,NA,NA,NA,NA,NA,NA,NA,0,NA,NA,NA,NA,NA,NA,NA,NA,NA,NA,NA,NA,NA,NA,0,NA,NA,NA,NA,0,NA,NA,NA,NA,NA,NA,NA,NA,NA,NA,NA,NA,NA,NA,0,NA,NA,NA,NA,0,NA,NA,NA,NA,0,NA,NA,NA,NA,0,NA,NA,NA,NA,NA,NA,NA,NA,NA,0,NA,NA,NA,NA,NA,NA,NA,NA,NA,0,NA,NA,NA,NA,0,NA,NA,NA,NA,0,NA,NA,NA,NA,0,NA,NA,NA,NA,NA,NA,NA,NA,NA
M18 [Family Planning],18.6',Centchroman weekly pills,4. Stock Distributed,8165,NA,NA,NA,NA,0,NA,NA,NA,NA,100,NA,NA,NA,NA,NA,NA,NA,NA,NA,0,NA,NA,NA,NA,0,NA,NA,NA,NA,1200,NA,NA,NA,NA,0,NA,NA,NA,NA,NA,NA,NA,NA,NA,0,NA,NA,NA,NA,NA,NA,NA,NA,NA,0,NA,NA,NA,NA,600,NA,NA,NA,NA,0,NA,NA,NA,NA,NA,NA,NA,NA,NA,NA,NA,NA,NA,NA,0,NA,NA,NA,NA,0,NA,NA,NA,NA,1480,NA,NA,NA,NA,500,NA,NA,NA,NA,0,NA,NA,NA,NA,0,NA,NA,NA,NA,2850,NA,NA,NA,NA,200,NA,NA,NA,NA,1000,NA,NA,NA,NA,200,NA,NA,NA,NA,35,NA,NA,NA,NA,NA,NA,NA,NA,NA
M18 [Family Planning],18.6',Centchroman weekly pills,5. Total Stock,43475,NA,NA,NA,NA,0,NA,NA,NA,NA,700,NA,NA,NA,NA,NA,NA,NA,NA,NA,600,NA,NA,NA,NA,1000,NA,NA,NA,NA,0,NA,NA,NA,NA,1100,NA,NA,NA,NA,NA,NA,NA,NA,NA,3000,NA,NA,NA,NA,NA,NA,NA,NA,NA,0,NA,NA,NA,NA,9860,NA,NA,NA,NA,0,NA,NA,NA,NA,NA,NA,NA,NA,NA,NA,NA,NA,NA,NA,0,NA,NA,NA,NA,2880,NA,NA,NA,NA,4280,NA,NA,NA,NA,500,NA,NA,NA,NA,0,NA,NA,NA,NA,9000,NA,NA,NA,NA,NA,NA,NA,NA,NA,1700,NA,NA,NA,NA,4980,NA,NA,NA,NA,800,NA,NA,NA,NA,3075,NA,NA,NA,NA,NA,NA,NA,NA,NA
M18 [Family Planning],'18.7',Injectable Contraceptive MPA (Vials),1. Balance From Previous Month,4165,NA,NA,NA,NA,280,NA,NA,NA,NA,0,NA,NA,NA,NA,NA,NA,NA,NA,NA,0,NA,NA,NA,NA,0,NA,NA,NA,NA,152,NA,NA,NA,NA,45,NA,NA,NA,NA,NA,NA,NA,NA,NA,0,NA,NA,NA,NA,NA,NA,NA,NA,NA,0,NA,NA,NA,NA,2414,NA,NA,NA,NA,0,NA,NA,NA,NA,NA,NA,NA,NA,NA,NA,NA,NA,NA,NA,0,NA,NA,NA,NA,0,NA,NA,NA,NA,0,NA,NA,NA,NA,0,NA,NA,NA,NA,0,NA,NA,NA,NA,0,NA,NA,NA,NA,NA,NA,NA,NA,NA,270,NA,NA,NA,NA,30,NA,NA,NA,NA,974,NA,NA,NA,NA,0,NA,NA,NA,NA,NA,NA,NA,NA,NA
M18 [Family Planning],18.7',Injectable Contraceptive MPA (Vials),2. Stocks Received,0,NA,NA,NA,NA,0,NA,NA,NA,NA,0,NA,NA,NA,NA,NA,NA,NA,NA,NA,0,NA,NA,NA,NA,0,NA,NA,NA,NA,0,NA,NA,NA,NA,0,NA,NA,NA,NA,NA,NA,NA,NA,NA,0,NA,NA,NA,NA,NA,NA,NA,NA,NA,0,NA,NA,NA,NA,0,NA,NA,NA,NA,0,NA,NA,NA,NA,NA,NA,NA,NA,NA,NA,NA,NA,NA,NA,0,NA,NA,NA,NA,0,NA,NA,NA,NA,0,NA,NA,NA,NA,0,NA,NA,NA,NA,0,NA,NA,NA,NA,0,NA,NA,NA,NA,NA,NA,NA,NA,NA,0,NA,NA,NA,NA,0,NA,NA,NA,NA,0,NA,NA,NA,NA,0,NA,NA,NA,NA,NA,NA,NA,NA,NA
M18 [Family Planning],18.7',Injectable Contraceptive MPA (Vials),3. Unusable Stock,0,NA,NA,NA,NA,0,NA,NA,NA,NA,0,NA,NA,NA,NA,NA,NA,NA,NA,NA,0,NA,NA,NA,NA,0,NA,NA,NA,NA,0,NA,NA,NA,NA,0,NA,NA,NA,NA,NA,NA,NA,NA,NA,0,NA,NA,NA,NA,NA,NA,NA,NA,NA,NA,NA,NA,NA,NA,0,NA,NA,NA,NA,0,NA,NA,NA,NA,NA,NA,NA,NA,NA,NA,NA,NA,NA,NA,0,NA,NA,NA,NA,0,NA,NA,NA,NA,0,NA,NA,NA,NA,0,NA,NA,NA,NA,NA,NA,NA,NA,NA,0,NA,NA,NA,NA,NA,NA,NA,NA,NA,0,NA,NA,NA,NA,0,NA,NA,NA,NA,0,NA,NA,NA,NA,0,NA,NA,NA,NA,NA,NA,NA,NA,NA
M18 [Family Planning],18.7',Injectable Contraceptive MPA (Vials),4. Stock Distributed,50,NA,NA,NA,NA,0,NA,NA,NA,NA,0,NA,NA,NA,NA,NA,NA,NA,NA,NA,0,NA,NA,NA,NA,0,NA,NA,NA,NA,0,NA,NA,NA,NA,0,NA,NA,NA,NA,NA,NA,NA,NA,NA,0,NA,NA,NA,NA,NA,NA,NA,NA,NA,0,NA,NA,NA,NA,0,NA,NA,NA,NA,0,NA,NA,NA,NA,NA,NA,NA,NA,NA,NA,NA,NA,NA,NA,0,NA,NA,NA,NA,0,NA,NA,NA,NA,0,NA,NA,NA,NA,0,NA,NA,NA,NA,0,NA,NA,NA,NA,0,NA,NA,NA,NA,NA,NA,NA,NA,NA,50,NA,NA,NA,NA,0,NA,NA,NA,NA,0,NA,NA,NA,NA,0,NA,NA,NA,NA,NA,NA,NA,NA,NA
M18 [Family Planning],18.7',Injectable Contraceptive MPA (Vials),5. Total Stock,4115,NA,NA,NA,NA,280,NA,NA,NA,NA,0,NA,NA,NA,NA,NA,NA,NA,NA,NA,0,NA,NA,NA,NA,0,NA,NA,NA,NA,152,NA,NA,NA,NA,45,NA,NA,NA,NA,NA,NA,NA,NA,NA,0,NA,NA,NA,NA,NA,NA,NA,NA,NA,0,NA,NA,NA,NA,2414,NA,NA,NA,NA,0,NA,NA,NA,NA,NA,NA,NA,NA,NA,NA,NA,NA,NA,NA,0,NA,NA,NA,NA,0,NA,NA,NA,NA,0,NA,NA,NA,NA,0,NA,NA,NA,NA,0,NA,NA,NA,NA,0,NA,NA,NA,NA,NA,NA,NA,NA,NA,220,NA,NA,NA,NA,30,NA,NA,NA,NA,974,NA,NA,NA,NA,0,NA,NA,NA,NA,NA,NA,NA,NA,NA
M18 [Family Planning],'18.8',Tubal rings,1. Balance From Previous Month,20015,NA,NA,NA,NA,900,NA,NA,NA,NA,800,NA,NA,NA,NA,NA,NA,NA,NA,NA,1900,NA,NA,NA,NA,500,NA,NA,NA,NA,825,NA,NA,NA,NA,900,NA,NA,NA,NA,NA,NA,NA,NA,NA,600,NA,NA,NA,NA,NA,NA,NA,NA,NA,0,NA,NA,NA,NA,3400,NA,NA,NA,NA,0,NA,NA,NA,NA,NA,NA,NA,NA,NA,NA,NA,NA,NA,NA,0,NA,NA,NA,NA,1100,NA,NA,NA,NA,0,NA,NA,NA,NA,1270,NA,NA,NA,NA,700,NA,NA,NA,NA,300,NA,NA,NA,NA,1500,NA,NA,NA,NA,950,NA,NA,NA,NA,1920,NA,NA,NA,NA,1000,NA,NA,NA,NA,1450,NA,NA,NA,NA,NA,NA,NA,NA,NA
M18 [Family Planning],18.8',Tubal rings,2. Stocks Received,0,NA,NA,NA,NA,0,NA,NA,NA,NA,0,NA,NA,NA,NA,NA,NA,NA,NA,NA,0,NA,NA,NA,NA,0,NA,NA,NA,NA,0,NA,NA,NA,NA,0,NA,NA,NA,NA,NA,NA,NA,NA,NA,0,NA,NA,NA,NA,NA,NA,NA,NA,NA,0,NA,NA,NA,NA,0,NA,NA,NA,NA,0,NA,NA,NA,NA,NA,NA,NA,NA,NA,NA,NA,NA,NA,NA,0,NA,NA,NA,NA,0,NA,NA,NA,NA,0,NA,NA,NA,NA,0,NA,NA,NA,NA,0,NA,NA,NA,NA,0,NA,NA,NA,NA,NA,NA,NA,NA,NA,0,NA,NA,NA,NA,0,NA,NA,NA,NA,0,NA,NA,NA,NA,0,NA,NA,NA,NA,NA,NA,NA,NA,NA
M18 [Family Planning],18.8',Tubal rings,3. Unusable Stock,0,NA,NA,NA,NA,0,NA,NA,NA,NA,0,NA,NA,NA,NA,NA,NA,NA,NA,NA,0,NA,NA,NA,NA,0,NA,NA,NA,NA,0,NA,NA,NA,NA,0,NA,NA,NA,NA,NA,NA,NA,NA,NA,0,NA,NA,NA,NA,NA,NA,NA,NA,NA,NA,NA,NA,NA,NA,0,NA,NA,NA,NA,0,NA,NA,NA,NA,NA,NA,NA,NA,NA,NA,NA,NA,NA,NA,0,NA,NA,NA,NA,0,NA,NA,NA,NA,0,NA,NA,NA,NA,0,NA,NA,NA,NA,NA,NA,NA,NA,NA,0,NA,NA,NA,NA,NA,NA,NA,NA,NA,0,NA,NA,NA,NA,0,NA,NA,NA,NA,0,NA,NA,NA,NA,0,NA,NA,NA,NA,NA,NA,NA,NA,NA
M18 [Family Planning],18.8',Tubal rings,4. Stock Distributed,920,NA,NA,NA,NA,0,NA,NA,NA,NA,200,NA,NA,NA,NA,NA,NA,NA,NA,NA,450,NA,NA,NA,NA,0,NA,NA,NA,NA,0,NA,NA,NA,NA,0,NA,NA,NA,NA,NA,NA,NA,NA,NA,0,NA,NA,NA,NA,NA,NA,NA,NA,NA,0,NA,NA,NA,NA,0,NA,NA,NA,NA,0,NA,NA,NA,NA,NA,NA,NA,NA,NA,NA,NA,NA,NA,NA,0,NA,NA,NA,NA,0,NA,NA,NA,NA,0,NA,NA,NA,NA,70,NA,NA,NA,NA,0,NA,NA,NA,NA,0,NA,NA,NA,NA,150,NA,NA,NA,NA,50,NA,NA,NA,NA,0,NA,NA,NA,NA,0,NA,NA,NA,NA,0,NA,NA,NA,NA,NA,NA,NA,NA,NA
M18 [Family Planning],18.8',Tubal rings,5. Total Stock,17745,NA,NA,NA,NA,900,NA,NA,NA,NA,600,NA,NA,NA,NA,NA,NA,NA,NA,NA,1450,NA,NA,NA,NA,500,NA,NA,NA,NA,825,NA,NA,NA,NA,900,NA,NA,NA,NA,NA,NA,NA,NA,NA,600,NA,NA,NA,NA,NA,NA,NA,NA,NA,0,NA,NA,NA,NA,3400,NA,NA,NA,NA,0,NA,NA,NA,NA,NA,NA,NA,NA,NA,NA,NA,NA,NA,NA,0,NA,NA,NA,NA,1100,NA,NA,NA,NA,0,NA,NA,NA,NA,1200,NA,NA,NA,NA,700,NA,NA,NA,NA,300,NA,NA,NA,NA,NA,NA,NA,NA,NA,900,NA,NA,NA,NA,1920,NA,NA,NA,NA,1000,NA,NA,NA,NA,1450,NA,NA,NA,NA,NA,NA,NA,NA,NA
M18 [Family Planning],'18.9',Pregnancy testing Kits (Nischay Kits),1. Balance From Previous Month,157417,NA,NA,NA,NA,5000,NA,NA,NA,NA,5900,NA,NA,NA,NA,NA,NA,NA,NA,NA,15800,NA,NA,NA,NA,5130,NA,NA,NA,NA,6000,NA,NA,NA,NA,670,NA,NA,NA,NA,NA,NA,NA,NA,NA,2655,NA,NA,NA,NA,NA,NA,NA,NA,NA,0,NA,NA,NA,NA,13750,NA,NA,NA,NA,0,NA,NA,NA,NA,NA,NA,NA,NA,NA,NA,NA,NA,NA,NA,0,NA,NA,NA,NA,14540,NA,NA,NA,NA,17050,NA,NA,NA,NA,5000,NA,NA,NA,NA,3300,NA,NA,NA,NA,5400,NA,NA,NA,NA,14000,NA,NA,NA,NA,4982,NA,NA,NA,NA,9310,NA,NA,NA,NA,20250,NA,NA,NA,NA,8680,NA,NA,NA,NA,NA,NA,NA,NA,NA
M18 [Family Planning],18.9',Pregnancy testing Kits (Nischay Kits),2. Stocks Received,0,NA,NA,NA,NA,0,NA,NA,NA,NA,0,NA,NA,NA,NA,NA,NA,NA,NA,NA,0,NA,NA,NA,NA,0,NA,NA,NA,NA,0,NA,NA,NA,NA,0,NA,NA,NA,NA,NA,NA,NA,NA,NA,0,NA,NA,NA,NA,NA,NA,NA,NA,NA,0,NA,NA,NA,NA,0,NA,NA,NA,NA,0,NA,NA,NA,NA,NA,NA,NA,NA,NA,NA,NA,NA,NA,NA,0,NA,NA,NA,NA,0,NA,NA,NA,NA,0,NA,NA,NA,NA,0,NA,NA,NA,NA,0,NA,NA,NA,NA,0,NA,NA,NA,NA,NA,NA,NA,NA,NA,0,NA,NA,NA,NA,0,NA,NA,NA,NA,0,NA,NA,NA,NA,0,NA,NA,NA,NA,NA,NA,NA,NA,NA
M18 [Family Planning],18.9',Pregnancy testing Kits (Nischay Kits),3. Unusable Stock,0,NA,NA,NA,NA,0,NA,NA,NA,NA,0,NA,NA,NA,NA,NA,NA,NA,NA,NA,0,NA,NA,NA,NA,0,NA,NA,NA,NA,0,NA,NA,NA,NA,0,NA,NA,NA,NA,NA,NA,NA,NA,NA,0,NA,NA,NA,NA,NA,NA,NA,NA,NA,NA,NA,NA,NA,NA,0,NA,NA,NA,NA,0,NA,NA,NA,NA,NA,NA,NA,NA,NA,NA,NA,NA,NA,NA,0,NA,NA,NA,NA,0,NA,NA,NA,NA,0,NA,NA,NA,NA,0,NA,NA,NA,NA,NA,NA,NA,NA,NA,0,NA,NA,NA,NA,NA,NA,NA,NA,NA,0,NA,NA,NA,NA,0,NA,NA,NA,NA,0,NA,NA,NA,NA,0,NA,NA,NA,NA,NA,NA,NA,NA,NA
M18 [Family Planning],18.9',Pregnancy testing Kits (Nischay Kits),4. Stock Distributed,27498,NA,NA,NA,NA,0,NA,NA,NA,NA,1000,NA,NA,NA,NA,NA,NA,NA,NA,NA,6000,NA,NA,NA,NA,0,NA,NA,NA,NA,1390,NA,NA,NA,NA,0,NA,NA,NA,NA,NA,NA,NA,NA,NA,0,NA,NA,NA,NA,NA,NA,NA,NA,NA,0,NA,NA,NA,NA,0,NA,NA,NA,NA,0,NA,NA,NA,NA,NA,NA,NA,NA,NA,NA,NA,NA,NA,NA,0,NA,NA,NA,NA,0,NA,NA,NA,NA,0,NA,NA,NA,NA,4000,NA,NA,NA,NA,230,NA,NA,NA,NA,400,NA,NA,NA,NA,7900,NA,NA,NA,NA,200,NA,NA,NA,NA,5180,NA,NA,NA,NA,1098,NA,NA,NA,NA,100,NA,NA,NA,NA,NA,NA,NA,NA,NA
M18 [Family Planning],18.9',Pregnancy testing Kits (Nischay Kits),5. Total Stock,118689,NA,NA,NA,NA,5000,NA,NA,NA,NA,4900,NA,NA,NA,NA,NA,NA,NA,NA,NA,9800,NA,NA,NA,NA,0,NA,NA,NA,NA,4610,NA,NA,NA,NA,670,NA,NA,NA,NA,NA,NA,NA,NA,NA,2655,NA,NA,NA,NA,NA,NA,NA,NA,NA,0,NA,NA,NA,NA,13750,NA,NA,NA,NA,0,NA,NA,NA,NA,NA,NA,NA,NA,NA,NA,NA,NA,NA,NA,0,NA,NA,NA,NA,14540,NA,NA,NA,NA,17050,NA,NA,NA,NA,1000,NA,NA,NA,NA,3070,NA,NA,NA,NA,5000,NA,NA,NA,NA,NA,NA,NA,NA,NA,4782,NA,NA,NA,NA,4130,NA,NA,NA,NA,19152,NA,NA,NA,NA,8580,NA,NA,NA,NA,NA,NA,NA,NA,NA
M19 [Other Items],'19.1',Gloves,1. Balance From Previous Month,1220194,NA,NA,NA,NA,39980,NA,NA,NA,NA,35700,NA,NA,NA,NA,38200,NA,NA,NA,NA,8178,NA,NA,NA,NA,21300,NA,NA,NA,NA,23150,NA,NA,NA,NA,0,NA,NA,NA,NA,NA,NA,NA,NA,NA,244063,NA,NA,NA,NA,NA,NA,NA,NA,NA,103850,NA,NA,NA,NA,110600,NA,NA,NA,NA,8950,NA,NA,NA,NA,NA,NA,NA,NA,NA,NA,NA,NA,NA,NA,0,NA,NA,NA,NA,71676,NA,NA,NA,NA,67495,NA,NA,NA,NA,52662,NA,NA,NA,NA,75200,NA,NA,NA,NA,70500,NA,NA,NA,NA,42690,NA,NA,NA,NA,0,NA,NA,NA,NA,174720,NA,NA,NA,NA,NA,NA,NA,NA,NA,30430,NA,NA,NA,NA,850,NA,NA,NA,NA
M19 [Other Items],19.1',Gloves,2. Stocks Received,419500,NA,NA,NA,NA,0,NA,NA,NA,NA,0,NA,NA,NA,NA,NA,NA,NA,NA,NA,28000,NA,NA,NA,NA,29000,NA,NA,NA,NA,0,NA,NA,NA,NA,97000,NA,NA,NA,NA,NA,NA,NA,NA,NA,0,NA,NA,NA,NA,NA,NA,NA,NA,NA,0,NA,NA,NA,NA,0,NA,NA,NA,NA,0,NA,NA,NA,NA,NA,NA,NA,NA,NA,NA,NA,NA,NA,NA,0,NA,NA,NA,NA,0,NA,NA,NA,NA,0,NA,NA,NA,NA,0,NA,NA,NA,NA,155000,NA,NA,NA,NA,0,NA,NA,NA,NA,100000,NA,NA,NA,NA,0,NA,NA,NA,NA,0,NA,NA,NA,NA,NA,NA,NA,NA,NA,0,NA,NA,NA,NA,10500,NA,NA,NA,NA
M19 [Other Items],19.1',Gloves,3. Unusable Stock,0,NA,NA,NA,NA,0,NA,NA,NA,NA,0,NA,NA,NA,NA,NA,NA,NA,NA,NA,0,NA,NA,NA,NA,0,NA,NA,NA,NA,0,NA,NA,NA,NA,0,NA,NA,NA,NA,NA,NA,NA,NA,NA,NA,NA,NA,NA,NA,NA,NA,NA,NA,NA,NA,NA,NA,NA,NA,0,NA,NA,NA,NA,0,NA,NA,NA,NA,NA,NA,NA,NA,NA,NA,NA,NA,NA,NA,0,NA,NA,NA,NA,0,NA,NA,NA,NA,0,NA,NA,NA,NA,0,NA,NA,NA,NA,NA,NA,NA,NA,NA,0,NA,NA,NA,NA,NA,NA,NA,NA,NA,0,NA,NA,NA,NA,0,NA,NA,NA,NA,NA,NA,NA,NA,NA,0,NA,NA,NA,NA,0,NA,NA,NA,NA
M19 [Other Items],19.1',Gloves,4. Stock Distributed,377914,NA,NA,NA,NA,8750,NA,NA,NA,NA,16900,NA,NA,NA,NA,10000,NA,NA,NA,NA,13428,NA,NA,NA,NA,3200,NA,NA,NA,NA,5300,NA,NA,NA,NA,74400,NA,NA,NA,NA,NA,NA,NA,NA,NA,18700,NA,NA,NA,NA,NA,NA,NA,NA,NA,41600,NA,NA,NA,NA,4020,NA,NA,NA,NA,8000,NA,NA,NA,NA,NA,NA,NA,NA,NA,NA,NA,NA,NA,NA,0,NA,NA,NA,NA,8400,NA,NA,NA,NA,18456,NA,NA,NA,NA,2400,NA,NA,NA,NA,27500,NA,NA,NA,NA,4750,NA,NA,NA,NA,20500,NA,NA,NA,NA,0,NA,NA,NA,NA,76100,NA,NA,NA,NA,NA,NA,NA,NA,NA,7860,NA,NA,NA,NA,7650,NA,NA,NA,NA
M19 [Other Items],19.1',Gloves,5. Total Stock,1261780,NA,NA,NA,NA,31230,NA,NA,NA,NA,18800,NA,NA,NA,NA,28200,NA,NA,NA,NA,22750,NA,NA,NA,NA,47100,NA,NA,NA,NA,17850,NA,NA,NA,NA,22600,NA,NA,NA,NA,NA,NA,NA,NA,NA,225363,NA,NA,NA,NA,0,NA,NA,NA,NA,62250,NA,NA,NA,NA,106580,NA,NA,NA,NA,950,NA,NA,NA,NA,0,NA,NA,NA,NA,0,NA,NA,NA,NA,0,NA,NA,NA,NA,63276,NA,NA,NA,NA,49039,NA,NA,NA,NA,50262,NA,NA,NA,NA,202700,NA,NA,NA,NA,65750,NA,NA,NA,NA,122190,NA,NA,NA,NA,0,NA,NA,NA,NA,98620,NA,NA,NA,NA,0,NA,NA,NA,NA,22570,NA,NA,NA,NA,3700,NA,NA,NA,NA
M19 [Other Items],'19.2',MVA Syringes,1. Balance From Previous Month,0,NA,NA,NA,NA,0,NA,NA,NA,NA,0,NA,NA,NA,NA,0,NA,NA,NA,NA,0,NA,NA,NA,NA,0,NA,NA,NA,NA,0,NA,NA,NA,NA,0,NA,NA,NA,NA,NA,NA,NA,NA,NA,0,NA,NA,NA,NA,NA,NA,NA,NA,NA,NA,NA,NA,NA,NA,0,NA,NA,NA,NA,0,NA,NA,NA,NA,NA,NA,NA,NA,NA,NA,NA,NA,NA,NA,0,NA,NA,NA,NA,0,NA,NA,NA,NA,0,NA,NA,NA,NA,0,NA,NA,NA,NA,0,NA,NA,NA,NA,0,NA,NA,NA,NA,NA,NA,NA,NA,NA,0,NA,NA,NA,NA,0,NA,NA,NA,NA,NA,NA,NA,NA,NA,0,NA,NA,NA,NA,0,NA,NA,NA,NA
M19 [Other Items],19.2',MVA Syringes,2. Stocks Received,0,NA,NA,NA,NA,0,NA,NA,NA,NA,0,NA,NA,NA,NA,0,NA,NA,NA,NA,0,NA,NA,NA,NA,0,NA,NA,NA,NA,0,NA,NA,NA,NA,0,NA,NA,NA,NA,NA,NA,NA,NA,NA,0,NA,NA,NA,NA,NA,NA,NA,NA,NA,NA,NA,NA,NA,NA,0,NA,NA,NA,NA,0,NA,NA,NA,NA,NA,NA,NA,NA,NA,NA,NA,NA,NA,NA,0,NA,NA,NA,NA,0,NA,NA,NA,NA,0,NA,NA,NA,NA,0,NA,NA,NA,NA,0,NA,NA,NA,NA,0,NA,NA,NA,NA,NA,NA,NA,NA,NA,0,NA,NA,NA,NA,0,NA,NA,NA,NA,NA,NA,NA,NA,NA,0,NA,NA,NA,NA,0,NA,NA,NA,NA
M19 [Other Items],19.2',MVA Syringes,3. Unusable Stock,0,NA,NA,NA,NA,0,NA,NA,NA,NA,0,NA,NA,NA,NA,0,NA,NA,NA,NA,0,NA,NA,NA,NA,0,NA,NA,NA,NA,0,NA,NA,NA,NA,0,NA,NA,NA,NA,NA,NA,NA,NA,NA,0,NA,NA,NA,NA,NA,NA,NA,NA,NA,NA,NA,NA,NA,NA,0,NA,NA,NA,NA,0,NA,NA,NA,NA,NA,NA,NA,NA,NA,NA,NA,NA,NA,NA,0,NA,NA,NA,NA,0,NA,NA,NA,NA,0,NA,NA,NA,NA,0,NA,NA,NA,NA,NA,NA,NA,NA,NA,0,NA,NA,NA,NA,NA,NA,NA,NA,NA,0,NA,NA,NA,NA,0,NA,NA,NA,NA,NA,NA,NA,NA,NA,0,NA,NA,NA,NA,0,NA,NA,NA,NA
M19 [Other Items],19.2',MVA Syringes,4. Stock Distributed,0,NA,NA,NA,NA,0,NA,NA,NA,NA,0,NA,NA,NA,NA,0,NA,NA,NA,NA,0,NA,NA,NA,NA,0,NA,NA,NA,NA,0,NA,NA,NA,NA,0,NA,NA,NA,NA,NA,NA,NA,NA,NA,0,NA,NA,NA,NA,NA,NA,NA,NA,NA,NA,NA,NA,NA,NA,0,NA,NA,NA,NA,0,NA,NA,NA,NA,NA,NA,NA,NA,NA,NA,NA,NA,NA,NA,0,NA,NA,NA,NA,0,NA,NA,NA,NA,0,NA,NA,NA,NA,0,NA,NA,NA,NA,0,NA,NA,NA,NA,0,NA,NA,NA,NA,NA,NA,NA,NA,NA,0,NA,NA,NA,NA,0,NA,NA,NA,NA,NA,NA,NA,NA,NA,0,NA,NA,NA,NA,0,NA,NA,NA,NA
M19 [Other Items],19.2',MVA Syringes,5. Total Stock,0,NA,NA,NA,NA,0,NA,NA,NA,NA,0,NA,NA,NA,NA,0,NA,NA,NA,NA,0,NA,NA,NA,NA,0,NA,NA,NA,NA,0,NA,NA,NA,NA,0,NA,NA,NA,NA,NA,NA,NA,NA,NA,0,NA,NA,NA,NA,0,NA,NA,NA,NA,0,NA,NA,NA,NA,0,NA,NA,NA,NA,0,NA,NA,NA,NA,0,NA,NA,NA,NA,0,NA,NA,NA,NA,0,NA,NA,NA,NA,0,NA,NA,NA,NA,0,NA,NA,NA,NA,0,NA,NA,NA,NA,0,NA,NA,NA,NA,0,NA,NA,NA,NA,0,NA,NA,NA,NA,0,NA,NA,NA,NA,0,NA,NA,NA,NA,0,NA,NA,NA,NA,0,NA,NA,NA,NA,0,NA,NA,NA,NA
M19 [Other Items],'19.3',Tab. Fluconazole,1. Balance From Previous Month,1056535,NA,NA,NA,NA,4900,NA,NA,NA,NA,65100,NA,NA,NA,NA,1800,NA,NA,NA,NA,93340,NA,NA,NA,NA,5500,NA,NA,NA,NA,32100,NA,NA,NA,NA,0,NA,NA,NA,NA,NA,NA,NA,NA,NA,12230,NA,NA,NA,NA,NA,NA,NA,NA,NA,112100,NA,NA,NA,NA,1000,NA,NA,NA,NA,110330,NA,NA,NA,NA,NA,NA,NA,NA,NA,NA,NA,NA,NA,NA,0,NA,NA,NA,NA,4820,NA,NA,NA,NA,153495,NA,NA,NA,NA,41950,NA,NA,NA,NA,164000,NA,NA,NA,NA,97500,NA,NA,NA,NA,33500,NA,NA,NA,NA,0,NA,NA,NA,NA,68600,NA,NA,NA,NA,NA,NA,NA,NA,NA,53670,NA,NA,NA,NA,600,NA,NA,NA,NA
M19 [Other Items],19.3',Tab. Fluconazole,2. Stocks Received,0,NA,NA,NA,NA,0,NA,NA,NA,NA,0,NA,NA,NA,NA,NA,NA,NA,NA,NA,0,NA,NA,NA,NA,0,NA,NA,NA,NA,0,NA,NA,NA,NA,0,NA,NA,NA,NA,NA,NA,NA,NA,NA,0,NA,NA,NA,NA,NA,NA,NA,NA,NA,0,NA,NA,NA,NA,0,NA,NA,NA,NA,0,NA,NA,NA,NA,NA,NA,NA,NA,NA,NA,NA,NA,NA,NA,0,NA,NA,NA,NA,0,NA,NA,NA,NA,0,NA,NA,NA,NA,0,NA,NA,NA,NA,NA,NA,NA,NA,NA,0,NA,NA,NA,NA,NA,NA,NA,NA,NA,0,NA,NA,NA,NA,0,NA,NA,NA,NA,NA,NA,NA,NA,NA,0,NA,NA,NA,NA,0,NA,NA,NA,NA
M19 [Other Items],19.3',Tab. Fluconazole,3. Unusable Stock,0,NA,NA,NA,NA,0,NA,NA,NA,NA,0,NA,NA,NA,NA,NA,NA,NA,NA,NA,0,NA,NA,NA,NA,0,NA,NA,NA,NA,0,NA,NA,NA,NA,0,NA,NA,NA,NA,NA,NA,NA,NA,NA,0,NA,NA,NA,NA,NA,NA,NA,NA,NA,NA,NA,NA,NA,NA,0,NA,NA,NA,NA,0,NA,NA,NA,NA,NA,NA,NA,NA,NA,NA,NA,NA,NA,NA,0,NA,NA,NA,NA,0,NA,NA,NA,NA,0,NA,NA,NA,NA,0,NA,NA,NA,NA,NA,NA,NA,NA,NA,0,NA,NA,NA,NA,NA,NA,NA,NA,NA,0,NA,NA,NA,NA,0,NA,NA,NA,NA,NA,NA,NA,NA,NA,0,NA,NA,NA,NA,0,NA,NA,NA,NA
M19 [Other Items],19.3',Tab. Fluconazole,4. Stock Distributed,241754,NA,NA,NA,NA,2100,NA,NA,NA,NA,20900,NA,NA,NA,NA,NA,NA,NA,NA,NA,15200,NA,NA,NA,NA,3500,NA,NA,NA,NA,19800,NA,NA,NA,NA,0,NA,NA,NA,NA,NA,NA,NA,NA,NA,2870,NA,NA,NA,NA,NA,NA,NA,NA,NA,12100,NA,NA,NA,NA,0,NA,NA,NA,NA,10580,NA,NA,NA,NA,NA,NA,NA,NA,NA,NA,NA,NA,NA,NA,0,NA,NA,NA,NA,2000,NA,NA,NA,NA,33495,NA,NA,NA,NA,7100,NA,NA,NA,NA,19100,NA,NA,NA,NA,3600,NA,NA,NA,NA,30500,NA,NA,NA,NA,0,NA,NA,NA,NA,23309,NA,NA,NA,NA,NA,NA,NA,NA,NA,35600,NA,NA,NA,NA,0,NA,NA,NA,NA
M19 [Other Items],19.3',Tab. Fluconazole,5. Total Stock,814781,NA,NA,NA,NA,2800,NA,NA,NA,NA,44200,NA,NA,NA,NA,1800,NA,NA,NA,NA,78140,NA,NA,NA,NA,2000,NA,NA,NA,NA,12300,NA,NA,NA,NA,0,NA,NA,NA,NA,NA,NA,NA,NA,NA,9360,NA,NA,NA,NA,0,NA,NA,NA,NA,100000,NA,NA,NA,NA,1000,NA,NA,NA,NA,99750,NA,NA,NA,NA,0,NA,NA,NA,NA,0,NA,NA,NA,NA,0,NA,NA,NA,NA,2820,NA,NA,NA,NA,120000,NA,NA,NA,NA,34850,NA,NA,NA,NA,144900,NA,NA,NA,NA,93900,NA,NA,NA,NA,3000,NA,NA,NA,NA,0,NA,NA,NA,NA,45291,NA,NA,NA,NA,0,NA,NA,NA,NA,18070,NA,NA,NA,NA,600,NA,NA,NA,NA
M19 [Other Items],'19.4',Blood Transfusion sets,1. Balance From Previous Month,32424,NA,NA,NA,NA,0,NA,NA,NA,NA,20,NA,NA,NA,NA,1700,NA,NA,NA,NA,0,NA,NA,NA,NA,200,NA,NA,NA,NA,0,NA,NA,NA,NA,0,NA,NA,NA,NA,NA,NA,NA,NA,NA,29,NA,NA,NA,NA,NA,NA,NA,NA,NA,0,NA,NA,NA,NA,10,NA,NA,NA,NA,0,NA,NA,NA,NA,NA,NA,NA,NA,NA,NA,NA,NA,NA,NA,0,NA,NA,NA,NA,40,NA,NA,NA,NA,1500,NA,NA,NA,NA,15500,NA,NA,NA,NA,2050,NA,NA,NA,NA,1200,NA,NA,NA,NA,6825,NA,NA,NA,NA,0,NA,NA,NA,NA,0,NA,NA,NA,NA,NA,NA,NA,NA,NA,3250,NA,NA,NA,NA,100,NA,NA,NA,NA
M19 [Other Items],19.4',Blood Transfusion sets,2. Stocks Received,16350,NA,NA,NA,NA,0,NA,NA,NA,NA,350,NA,NA,NA,NA,NA,NA,NA,NA,NA,2000,NA,NA,NA,NA,0,NA,NA,NA,NA,0,NA,NA,NA,NA,0,NA,NA,NA,NA,NA,NA,NA,NA,NA,0,NA,NA,NA,NA,NA,NA,NA,NA,NA,3000,NA,NA,NA,NA,3000,NA,NA,NA,NA,0,NA,NA,NA,NA,NA,NA,NA,NA,NA,NA,NA,NA,NA,NA,0,NA,NA,NA,NA,1500,NA,NA,NA,NA,0,NA,NA,NA,NA,0,NA,NA,NA,NA,2000,NA,NA,NA,NA,2500,NA,NA,NA,NA,NA,NA,NA,NA,NA,0,NA,NA,NA,NA,2000,NA,NA,NA,NA,NA,NA,NA,NA,NA,0,NA,NA,NA,NA,0,NA,NA,NA,NA
M19 [Other Items],19.4',Blood Transfusion sets,3. Unusable Stock,0,NA,NA,NA,NA,0,NA,NA,NA,NA,0,NA,NA,NA,NA,NA,NA,NA,NA,NA,0,NA,NA,NA,NA,0,NA,NA,NA,NA,0,NA,NA,NA,NA,0,NA,NA,NA,NA,NA,NA,NA,NA,NA,0,NA,NA,NA,NA,NA,NA,NA,NA,NA,NA,NA,NA,NA,NA,0,NA,NA,NA,NA,0,NA,NA,NA,NA,NA,NA,NA,NA,NA,NA,NA,NA,NA,NA,0,NA,NA,NA,NA,0,NA,NA,NA,NA,0,NA,NA,NA,NA,0,NA,NA,NA,NA,NA,NA,NA,NA,NA,0,NA,NA,NA,NA,NA,NA,NA,NA,NA,0,NA,NA,NA,NA,0,NA,NA,NA,NA,NA,NA,NA,NA,NA,0,NA,NA,NA,NA,0,NA,NA,NA,NA
M19 [Other Items],19.4',Blood Transfusion sets,4. Stock Distributed,6668,NA,NA,NA,NA,0,NA,NA,NA,NA,18,NA,NA,NA,NA,1050,NA,NA,NA,NA,0,NA,NA,NA,NA,0,NA,NA,NA,NA,0,NA,NA,NA,NA,0,NA,NA,NA,NA,NA,NA,NA,NA,NA,0,NA,NA,NA,NA,NA,NA,NA,NA,NA,0,NA,NA,NA,NA,0,NA,NA,NA,NA,0,NA,NA,NA,NA,NA,NA,NA,NA,NA,NA,NA,NA,NA,NA,0,NA,NA,NA,NA,500,NA,NA,NA,NA,0,NA,NA,NA,NA,0,NA,NA,NA,NA,600,NA,NA,NA,NA,2700,NA,NA,NA,NA,NA,NA,NA,NA,NA,0,NA,NA,NA,NA,550,NA,NA,NA,NA,NA,NA,NA,NA,NA,1250,NA,NA,NA,NA,0,NA,NA,NA,NA
M19 [Other Items],19.4',Blood Transfusion sets,5. Total Stock,42106,NA,NA,NA,NA,0,NA,NA,NA,NA,352,NA,NA,NA,NA,650,NA,NA,NA,NA,2000,NA,NA,NA,NA,200,NA,NA,NA,NA,0,NA,NA,NA,NA,0,NA,NA,NA,NA,NA,NA,NA,NA,NA,29,NA,NA,NA,NA,0,NA,NA,NA,NA,3000,NA,NA,NA,NA,3010,NA,NA,NA,NA,0,NA,NA,NA,NA,0,NA,NA,NA,NA,0,NA,NA,NA,NA,0,NA,NA,NA,NA,1040,NA,NA,NA,NA,1500,NA,NA,NA,NA,15500,NA,NA,NA,NA,3450,NA,NA,NA,NA,1000,NA,NA,NA,NA,6825,NA,NA,NA,NA,0,NA,NA,NA,NA,1450,NA,NA,NA,NA,0,NA,NA,NA,NA,2000,NA,NA,NA,NA,100,NA,NA,NA,NA
M19 [Other Items],'19.5',Gluteraldehyde 2%,1. Balance From Previous Month,1085,NA,NA,NA,NA,10,NA,NA,NA,NA,87,NA,NA,NA,NA,105,NA,NA,NA,NA,116,NA,NA,NA,NA,0,NA,NA,NA,NA,0,NA,NA,NA,NA,0,NA,NA,NA,NA,NA,NA,NA,NA,NA,491,NA,NA,NA,NA,NA,NA,NA,NA,NA,85,NA,NA,NA,NA,20,NA,NA,NA,NA,0,NA,NA,NA,NA,NA,NA,NA,NA,NA,NA,NA,NA,NA,NA,0,NA,NA,NA,NA,6,NA,NA,NA,NA,14,NA,NA,NA,NA,100,NA,NA,NA,NA,50,NA,NA,NA,NA,0,NA,NA,NA,NA,1,NA,NA,NA,NA,0,NA,NA,NA,NA,0,NA,NA,NA,NA,NA,NA,NA,NA,NA,0,NA,NA,NA,NA,0,NA,NA,NA,NA
M19 [Other Items],19.5',Gluteraldehyde 2%,2. Stocks Received,930,NA,NA,NA,NA,100,NA,NA,NA,NA,0,NA,NA,NA,NA,NA,NA,NA,NA,NA,0,NA,NA,NA,NA,0,NA,NA,NA,NA,0,NA,NA,NA,NA,0,NA,NA,NA,NA,NA,NA,NA,NA,NA,0,NA,NA,NA,NA,NA,NA,NA,NA,NA,0,NA,NA,NA,NA,10,NA,NA,NA,NA,0,NA,NA,NA,NA,NA,NA,NA,NA,NA,NA,NA,NA,NA,NA,0,NA,NA,NA,NA,0,NA,NA,NA,NA,0,NA,NA,NA,NA,0,NA,NA,NA,NA,0,NA,NA,NA,NA,0,NA,NA,NA,NA,700,NA,NA,NA,NA,0,NA,NA,NA,NA,20,NA,NA,NA,NA,NA,NA,NA,NA,NA,0,NA,NA,NA,NA,100,NA,NA,NA,NA
M19 [Other Items],19.5',Gluteraldehyde 2%,3. Unusable Stock,0,NA,NA,NA,NA,NA,NA,NA,NA,NA,0,NA,NA,NA,NA,NA,NA,NA,NA,NA,0,NA,NA,NA,NA,0,NA,NA,NA,NA,0,NA,NA,NA,NA,0,NA,NA,NA,NA,NA,NA,NA,NA,NA,0,NA,NA,NA,NA,NA,NA,NA,NA,NA,NA,NA,NA,NA,NA,0,NA,NA,NA,NA,0,NA,NA,NA,NA,NA,NA,NA,NA,NA,NA,NA,NA,NA,NA,0,NA,NA,NA,NA,0,NA,NA,NA,NA,0,NA,NA,NA,NA,0,NA,NA,NA,NA,NA,NA,NA,NA,NA,0,NA,NA,NA,NA,NA,NA,NA,NA,NA,0,NA,NA,NA,NA,0,NA,NA,NA,NA,NA,NA,NA,NA,NA,0,NA,NA,NA,NA,0,NA,NA,NA,NA
M19 [Other Items],19.5',Gluteraldehyde 2%,4. Stock Distributed,98,NA,NA,NA,NA,0,NA,NA,NA,NA,17,NA,NA,NA,NA,NA,NA,NA,NA,NA,0,NA,NA,NA,NA,0,NA,NA,NA,NA,0,NA,NA,NA,NA,0,NA,NA,NA,NA,NA,NA,NA,NA,NA,0,NA,NA,NA,NA,NA,NA,NA,NA,NA,42,NA,NA,NA,NA,10,NA,NA,NA,NA,0,NA,NA,NA,NA,NA,NA,NA,NA,NA,NA,NA,NA,NA,NA,0,NA,NA,NA,NA,0,NA,NA,NA,NA,0,NA,NA,NA,NA,20,NA,NA,NA,NA,4,NA,NA,NA,NA,0,NA,NA,NA,NA,NA,NA,NA,NA,NA,0,NA,NA,NA,NA,5,NA,NA,NA,NA,NA,NA,NA,NA,NA,0,NA,NA,NA,NA,0,NA,NA,NA,NA
M19 [Other Items],19.5',Gluteraldehyde 2%,5. Total Stock,1917,NA,NA,NA,NA,110,NA,NA,NA,NA,70,NA,NA,NA,NA,105,NA,NA,NA,NA,116,NA,NA,NA,NA,0,NA,NA,NA,NA,0,NA,NA,NA,NA,0,NA,NA,NA,NA,NA,NA,NA,NA,NA,491,NA,NA,NA,NA,0,NA,NA,NA,NA,43,NA,NA,NA,NA,20,NA,NA,NA,NA,0,NA,NA,NA,NA,0,NA,NA,NA,NA,0,NA,NA,NA,NA,0,NA,NA,NA,NA,6,NA,NA,NA,NA,14,NA,NA,NA,NA,80,NA,NA,NA,NA,46,NA,NA,NA,NA,0,NA,NA,NA,NA,701,NA,NA,NA,NA,0,NA,NA,NA,NA,15,NA,NA,NA,NA,0,NA,NA,NA,NA,0,NA,NA,NA,NA,100,NA,NA,NA,NA
M19 [Other Items],'19.6',IFA tablets ( Adult),1. Balance From Previous Month,17834811,NA,NA,NA,NA,502665,NA,NA,NA,NA,133660,NA,NA,NA,NA,395200,NA,NA,NA,NA,850880,NA,NA,NA,NA,0,NA,NA,NA,NA,1000,NA,NA,NA,NA,490350,NA,NA,NA,NA,NA,NA,NA,NA,NA,858870,NA,NA,NA,NA,NA,NA,NA,NA,NA,860740,NA,NA,NA,NA,535465,NA,NA,NA,NA,877350,NA,NA,NA,NA,NA,NA,NA,NA,NA,NA,NA,NA,NA,NA,0,NA,NA,NA,NA,1665201,NA,NA,NA,NA,38330,NA,NA,NA,NA,1014920,NA,NA,NA,NA,939600,NA,NA,NA,NA,0,NA,NA,NA,NA,5142970,NA,NA,NA,NA,194950,NA,NA,NA,NA,1088935,NA,NA,NA,NA,NA,NA,NA,NA,NA,1440205,NA,NA,NA,NA,803520,NA,NA,NA,NA
M19 [Other Items],19.6',IFA tablets ( Adult),2. Stocks Received,0,NA,NA,NA,NA,0,NA,NA,NA,NA,0,NA,NA,NA,NA,NA,NA,NA,NA,NA,0,NA,NA,NA,NA,0,NA,NA,NA,NA,0,NA,NA,NA,NA,0,NA,NA,NA,NA,NA,NA,NA,NA,NA,0,NA,NA,NA,NA,NA,NA,NA,NA,NA,0,NA,NA,NA,NA,0,NA,NA,NA,NA,0,NA,NA,NA,NA,NA,NA,NA,NA,NA,NA,NA,NA,NA,NA,0,NA,NA,NA,NA,0,NA,NA,NA,NA,0,NA,NA,NA,NA,0,NA,NA,NA,NA,0,NA,NA,NA,NA,0,NA,NA,NA,NA,NA,NA,NA,NA,NA,0,NA,NA,NA,NA,0,NA,NA,NA,NA,NA,NA,NA,NA,NA,0,NA,NA,NA,NA,0,NA,NA,NA,NA
M19 [Other Items],19.6',IFA tablets ( Adult),3. Unusable Stock,0,NA,NA,NA,NA,0,NA,NA,NA,NA,0,NA,NA,NA,NA,NA,NA,NA,NA,NA,0,NA,NA,NA,NA,0,NA,NA,NA,NA,0,NA,NA,NA,NA,0,NA,NA,NA,NA,NA,NA,NA,NA,NA,0,NA,NA,NA,NA,NA,NA,NA,NA,NA,NA,NA,NA,NA,NA,0,NA,NA,NA,NA,0,NA,NA,NA,NA,NA,NA,NA,NA,NA,NA,NA,NA,NA,NA,0,NA,NA,NA,NA,0,NA,NA,NA,NA,0,NA,NA,NA,NA,0,NA,NA,NA,NA,NA,NA,NA,NA,NA,0,NA,NA,NA,NA,NA,NA,NA,NA,NA,0,NA,NA,NA,NA,0,NA,NA,NA,NA,NA,NA,NA,NA,NA,0,NA,NA,NA,NA,0,NA,NA,NA,NA
M19 [Other Items],19.6',IFA tablets ( Adult),4. Stock Distributed,6371655,NA,NA,NA,NA,263600,NA,NA,NA,NA,74500,NA,NA,NA,NA,289000,NA,NA,NA,NA,656600,NA,NA,NA,NA,0,NA,NA,NA,NA,0,NA,NA,NA,NA,85350,NA,NA,NA,NA,NA,NA,NA,NA,NA,43200,NA,NA,NA,NA,NA,NA,NA,NA,NA,356700,NA,NA,NA,NA,180000,NA,NA,NA,NA,292800,NA,NA,NA,NA,NA,NA,NA,NA,NA,NA,NA,NA,NA,NA,0,NA,NA,NA,NA,280800,NA,NA,NA,NA,31350,NA,NA,NA,NA,90500,NA,NA,NA,NA,409000,NA,NA,NA,NA,0,NA,NA,NA,NA,1750000,NA,NA,NA,NA,118350,NA,NA,NA,NA,507535,NA,NA,NA,NA,NA,NA,NA,NA,NA,418000,NA,NA,NA,NA,524370,NA,NA,NA,NA
M19 [Other Items],19.6',IFA tablets ( Adult),5. Total Stock,11463156,NA,NA,NA,NA,239065,NA,NA,NA,NA,59160,NA,NA,NA,NA,106200,NA,NA,NA,NA,194280,NA,NA,NA,NA,0,NA,NA,NA,NA,1000,NA,NA,NA,NA,405000,NA,NA,NA,NA,NA,NA,NA,NA,NA,815670,NA,NA,NA,NA,0,NA,NA,NA,NA,504040,NA,NA,NA,NA,355465,NA,NA,NA,NA,584550,NA,NA,NA,NA,0,NA,NA,NA,NA,0,NA,NA,NA,NA,0,NA,NA,NA,NA,1384401,NA,NA,NA,NA,6980,NA,NA,NA,NA,924420,NA,NA,NA,NA,530600,NA,NA,NA,NA,0,NA,NA,NA,NA,3392970,NA,NA,NA,NA,76600,NA,NA,NA,NA,581400,NA,NA,NA,NA,0,NA,NA,NA,NA,1022205,NA,NA,NA,NA,279150,NA,NA,NA,NA
M19 [Other Items],'19.7',IFA - Blue ( Adolescent 10-19 yrs),1. Balance From Previous Month,25646044,NA,NA,NA,NA,662025,NA,NA,NA,NA,1997660,NA,NA,NA,NA,270985,NA,NA,NA,NA,1604010,NA,NA,NA,NA,1100,NA,NA,NA,NA,396670,NA,NA,NA,NA,0,NA,NA,NA,NA,NA,NA,NA,NA,NA,951150,NA,NA,NA,NA,NA,NA,NA,NA,NA,860520,NA,NA,NA,NA,498900,NA,NA,NA,NA,1409659,NA,NA,NA,NA,NA,NA,NA,NA,NA,NA,NA,NA,NA,NA,0,NA,NA,NA,NA,2311495,NA,NA,NA,NA,867280,NA,NA,NA,NA,411910,NA,NA,NA,NA,1456905,NA,NA,NA,NA,2203960,NA,NA,NA,NA,3869335,NA,NA,NA,NA,614680,NA,NA,NA,NA,1359415,NA,NA,NA,NA,NA,NA,NA,NA,NA,2808140,NA,NA,NA,NA,1090245,NA,NA,NA,NA
M19 [Other Items],19.7',IFA - Blue ( Adolescent 10-19 yrs),2. Stocks Received,0,NA,NA,NA,NA,0,NA,NA,NA,NA,0,NA,NA,NA,NA,NA,NA,NA,NA,NA,0,NA,NA,NA,NA,0,NA,NA,NA,NA,0,NA,NA,NA,NA,NA,NA,NA,NA,NA,NA,NA,NA,NA,NA,0,NA,NA,NA,NA,NA,NA,NA,NA,NA,0,NA,NA,NA,NA,0,NA,NA,NA,NA,0,NA,NA,NA,NA,NA,NA,NA,NA,NA,NA,NA,NA,NA,NA,0,NA,NA,NA,NA,0,NA,NA,NA,NA,0,NA,NA,NA,NA,0,NA,NA,NA,NA,0,NA,NA,NA,NA,0,NA,NA,NA,NA,NA,NA,NA,NA,NA,0,NA,NA,NA,NA,0,NA,NA,NA,NA,NA,NA,NA,NA,NA,0,NA,NA,NA,NA,0,NA,NA,NA,NA
M19 [Other Items],19.7',IFA - Blue ( Adolescent 10-19 yrs),3. Unusable Stock,0,NA,NA,NA,NA,0,NA,NA,NA,NA,0,NA,NA,NA,NA,NA,NA,NA,NA,NA,0,NA,NA,NA,NA,0,NA,NA,NA,NA,0,NA,NA,NA,NA,0,NA,NA,NA,NA,NA,NA,NA,NA,NA,0,NA,NA,NA,NA,NA,NA,NA,NA,NA,NA,NA,NA,NA,NA,0,NA,NA,NA,NA,0,NA,NA,NA,NA,NA,NA,NA,NA,NA,NA,NA,NA,NA,NA,0,NA,NA,NA,NA,0,NA,NA,NA,NA,0,NA,NA,NA,NA,0,NA,NA,NA,NA,NA,NA,NA,NA,NA,0,NA,NA,NA,NA,NA,NA,NA,NA,NA,0,NA,NA,NA,NA,0,NA,NA,NA,NA,NA,NA,NA,NA,NA,0,NA,NA,NA,NA,0,NA,NA,NA,NA
M19 [Other Items],19.7',IFA - Blue ( Adolescent 10-19 yrs),4. Stock Distributed,3062045,NA,NA,NA,NA,84000,NA,NA,NA,NA,242900,NA,NA,NA,NA,90000,NA,NA,NA,NA,15900,NA,NA,NA,NA,0,NA,NA,NA,NA,8000,NA,NA,NA,NA,0,NA,NA,NA,NA,NA,NA,NA,NA,NA,36000,NA,NA,NA,NA,NA,NA,NA,NA,NA,0,NA,NA,NA,NA,0,NA,NA,NA,NA,325500,NA,NA,NA,NA,NA,NA,NA,NA,NA,NA,NA,NA,NA,NA,0,NA,NA,NA,NA,0,NA,NA,NA,NA,621000,NA,NA,NA,NA,108600,NA,NA,NA,NA,60000,NA,NA,NA,NA,70000,NA,NA,NA,NA,363300,NA,NA,NA,NA,1500,NA,NA,NA,NA,96000,NA,NA,NA,NA,NA,NA,NA,NA,NA,175000,NA,NA,NA,NA,764345,NA,NA,NA,NA
M19 [Other Items],19.7',IFA - Blue ( Adolescent 10-19 yrs),5. Total Stock,22583999,NA,NA,NA,NA,578025,NA,NA,NA,NA,1754760,NA,NA,NA,NA,180985,NA,NA,NA,NA,1588110,NA,NA,NA,NA,1100,NA,NA,NA,NA,388670,NA,NA,NA,NA,0,NA,NA,NA,NA,NA,NA,NA,NA,NA,915150,NA,NA,NA,NA,0,NA,NA,NA,NA,860520,NA,NA,NA,NA,498900,NA,NA,NA,NA,1084159,NA,NA,NA,NA,0,NA,NA,NA,NA,0,NA,NA,NA,NA,0,NA,NA,NA,NA,2311495,NA,NA,NA,NA,246280,NA,NA,NA,NA,303310,NA,NA,NA,NA,1396905,NA,NA,NA,NA,2133960,NA,NA,NA,NA,3506035,NA,NA,NA,NA,613180,NA,NA,NA,NA,1263415,NA,NA,NA,NA,0,NA,NA,NA,NA,2633140,NA,NA,NA,NA,325900,NA,NA,NA,NA
M19 [Other Items],'19.8',IFA- Pink ( Junior 6-10 yrs),1. Balance From Previous Month,24048461,NA,NA,NA,NA,902840,NA,NA,NA,NA,835665,NA,NA,NA,NA,344350,NA,NA,NA,NA,786330,NA,NA,NA,NA,0,NA,NA,NA,NA,139140,NA,NA,NA,NA,1267140,NA,NA,NA,NA,NA,NA,NA,NA,NA,1943410,NA,NA,NA,NA,NA,NA,NA,NA,NA,360050,NA,NA,NA,NA,1582150,NA,NA,NA,NA,1122000,NA,NA,NA,NA,NA,NA,NA,NA,NA,NA,NA,NA,NA,NA,0,NA,NA,NA,NA,1766080,NA,NA,NA,NA,222960,NA,NA,NA,NA,1943240,NA,NA,NA,NA,1853680,NA,NA,NA,NA,0,NA,NA,NA,NA,2908566,NA,NA,NA,NA,915510,NA,NA,NA,NA,1632195,NA,NA,NA,NA,NA,NA,NA,NA,NA,2178650,NA,NA,NA,NA,1344505,NA,NA,NA,NA
M19 [Other Items],19.8',IFA- Pink ( Junior 6-10 yrs),2. Stocks Received,0,NA,NA,NA,NA,0,NA,NA,NA,NA,0,NA,NA,NA,NA,NA,NA,NA,NA,NA,0,NA,NA,NA,NA,0,NA,NA,NA,NA,0,NA,NA,NA,NA,0,NA,NA,NA,NA,NA,NA,NA,NA,NA,0,NA,NA,NA,NA,NA,NA,NA,NA,NA,0,NA,NA,NA,NA,0,NA,NA,NA,NA,0,NA,NA,NA,NA,NA,NA,NA,NA,NA,NA,NA,NA,NA,NA,0,NA,NA,NA,NA,0,NA,NA,NA,NA,0,NA,NA,NA,NA,0,NA,NA,NA,NA,0,NA,NA,NA,NA,0,NA,NA,NA,NA,NA,NA,NA,NA,NA,0,NA,NA,NA,NA,0,NA,NA,NA,NA,NA,NA,NA,NA,NA,0,NA,NA,NA,NA,0,NA,NA,NA,NA
M19 [Other Items],19.8',IFA- Pink ( Junior 6-10 yrs),3. Unusable Stock,0,NA,NA,NA,NA,0,NA,NA,NA,NA,0,NA,NA,NA,NA,NA,NA,NA,NA,NA,0,NA,NA,NA,NA,0,NA,NA,NA,NA,0,NA,NA,NA,NA,0,NA,NA,NA,NA,NA,NA,NA,NA,NA,0,NA,NA,NA,NA,NA,NA,NA,NA,NA,NA,NA,NA,NA,NA,0,NA,NA,NA,NA,0,NA,NA,NA,NA,NA,NA,NA,NA,NA,NA,NA,NA,NA,NA,0,NA,NA,NA,NA,0,NA,NA,NA,NA,0,NA,NA,NA,NA,0,NA,NA,NA,NA,NA,NA,NA,NA,NA,0,NA,NA,NA,NA,NA,NA,NA,NA,NA,0,NA,NA,NA,NA,0,NA,NA,NA,NA,NA,NA,NA,NA,NA,0,NA,NA,NA,NA,0,NA,NA,NA,NA
M19 [Other Items],19.8',IFA- Pink ( Junior 6-10 yrs),4. Stock Distributed,3615100,NA,NA,NA,NA,79000,NA,NA,NA,NA,20000,NA,NA,NA,NA,NA,NA,NA,NA,NA,900,NA,NA,NA,NA,0,NA,NA,NA,NA,37200,NA,NA,NA,NA,790500,NA,NA,NA,NA,NA,NA,NA,NA,NA,61000,NA,NA,NA,NA,NA,NA,NA,NA,NA,155200,NA,NA,NA,NA,88650,NA,NA,NA,NA,433500,NA,NA,NA,NA,NA,NA,NA,NA,NA,NA,NA,NA,NA,NA,0,NA,NA,NA,NA,194400,NA,NA,NA,NA,27000,NA,NA,NA,NA,5000,NA,NA,NA,NA,135000,NA,NA,NA,NA,0,NA,NA,NA,NA,622000,NA,NA,NA,NA,0,NA,NA,NA,NA,194250,NA,NA,NA,NA,NA,NA,NA,NA,NA,221500,NA,NA,NA,NA,550000,NA,NA,NA,NA
M19 [Other Items],19.8',IFA- Pink ( Junior 6-10 yrs),5. Total Stock,20433361,NA,NA,NA,NA,823840,NA,NA,NA,NA,815665,NA,NA,NA,NA,344350,NA,NA,NA,NA,785430,NA,NA,NA,NA,0,NA,NA,NA,NA,101940,NA,NA,NA,NA,476640,NA,NA,NA,NA,NA,NA,NA,NA,NA,1882410,NA,NA,NA,NA,0,NA,NA,NA,NA,204850,NA,NA,NA,NA,1493500,NA,NA,NA,NA,688500,NA,NA,NA,NA,0,NA,NA,NA,NA,0,NA,NA,NA,NA,0,NA,NA,NA,NA,1571680,NA,NA,NA,NA,195960,NA,NA,NA,NA,1938240,NA,NA,NA,NA,1718680,NA,NA,NA,NA,0,NA,NA,NA,NA,2286566,NA,NA,NA,NA,915510,NA,NA,NA,NA,1437945,NA,NA,NA,NA,0,NA,NA,NA,NA,1957150,NA,NA,NA,NA,794505,NA,NA,NA,NA
M19 [Other Items],'19.9',IFA Syrup (Paediatric),1. Balance From Previous Month,129134,NA,NA,NA,NA,4500,NA,NA,NA,NA,0,NA,NA,NA,NA,400,NA,NA,NA,NA,3435,NA,NA,NA,NA,0,NA,NA,NA,NA,10630,NA,NA,NA,NA,50,NA,NA,NA,NA,NA,NA,NA,NA,NA,2610,NA,NA,NA,NA,NA,NA,NA,NA,NA,NA,NA,NA,NA,NA,101,NA,NA,NA,NA,17800,NA,NA,NA,NA,NA,NA,NA,NA,NA,NA,NA,NA,NA,NA,0,NA,NA,NA,NA,21464,NA,NA,NA,NA,0,NA,NA,NA,NA,0,NA,NA,NA,NA,0,NA,NA,NA,NA,0,NA,NA,NA,NA,45069,NA,NA,NA,NA,0,NA,NA,NA,NA,6125,NA,NA,NA,NA,NA,NA,NA,NA,NA,16850,NA,NA,NA,NA,100,NA,NA,NA,NA
M19 [Other Items],19.9',IFA Syrup (Paediatric),2. Stocks Received,0,NA,NA,NA,NA,0,NA,NA,NA,NA,0,NA,NA,NA,NA,NA,NA,NA,NA,NA,0,NA,NA,NA,NA,0,NA,NA,NA,NA,0,NA,NA,NA,NA,0,NA,NA,NA,NA,NA,NA,NA,NA,NA,0,NA,NA,NA,NA,NA,NA,NA,NA,NA,NA,NA,NA,NA,NA,0,NA,NA,NA,NA,0,NA,NA,NA,NA,NA,NA,NA,NA,NA,NA,NA,NA,NA,NA,0,NA,NA,NA,NA,0,NA,NA,NA,NA,0,NA,NA,NA,NA,0,NA,NA,NA,NA,0,NA,NA,NA,NA,0,NA,NA,NA,NA,NA,NA,NA,NA,NA,0,NA,NA,NA,NA,0,NA,NA,NA,NA,NA,NA,NA,NA,NA,0,NA,NA,NA,NA,0,NA,NA,NA,NA
M19 [Other Items],19.9',IFA Syrup (Paediatric),3. Unusable Stock,0,NA,NA,NA,NA,0,NA,NA,NA,NA,0,NA,NA,NA,NA,NA,NA,NA,NA,NA,0,NA,NA,NA,NA,0,NA,NA,NA,NA,0,NA,NA,NA,NA,0,NA,NA,NA,NA,NA,NA,NA,NA,NA,0,NA,NA,NA,NA,NA,NA,NA,NA,NA,NA,NA,NA,NA,NA,0,NA,NA,NA,NA,0,NA,NA,NA,NA,NA,NA,NA,NA,NA,NA,NA,NA,NA,NA,0,NA,NA,NA,NA,0,NA,NA,NA,NA,0,NA,NA,NA,NA,0,NA,NA,NA,NA,NA,NA,NA,NA,NA,0,NA,NA,NA,NA,NA,NA,NA,NA,NA,0,NA,NA,NA,NA,0,NA,NA,NA,NA,NA,NA,NA,NA,NA,0,NA,NA,NA,NA,0,NA,NA,NA,NA
M19 [Other Items],19.9',IFA Syrup (Paediatric),4. Stock Distributed,49975,NA,NA,NA,NA,2600,NA,NA,NA,NA,0,NA,NA,NA,NA,400,NA,NA,NA,NA,3435,NA,NA,NA,NA,0,NA,NA,NA,NA,7500,NA,NA,NA,NA,0,NA,NA,NA,NA,NA,NA,NA,NA,NA,800,NA,NA,NA,NA,NA,NA,NA,NA,NA,NA,NA,NA,NA,NA,0,NA,NA,NA,NA,5000,NA,NA,NA,NA,NA,NA,NA,NA,NA,NA,NA,NA,NA,NA,0,NA,NA,NA,NA,0,NA,NA,NA,NA,0,NA,NA,NA,NA,0,NA,NA,NA,NA,0,NA,NA,NA,NA,0,NA,NA,NA,NA,9950,NA,NA,NA,NA,0,NA,NA,NA,NA,5090,NA,NA,NA,NA,NA,NA,NA,NA,NA,15200,NA,NA,NA,NA,0,NA,NA,NA,NA
M19 [Other Items],19.9',IFA Syrup (Paediatric),5. Total Stock,79159,NA,NA,NA,NA,1900,NA,NA,NA,NA,0,NA,NA,NA,NA,0,NA,NA,NA,NA,0,NA,NA,NA,NA,0,NA,NA,NA,NA,3130,NA,NA,NA,NA,50,NA,NA,NA,NA,NA,NA,NA,NA,NA,1810,NA,NA,NA,NA,0,NA,NA,NA,NA,0,NA,NA,NA,NA,101,NA,NA,NA,NA,12800,NA,NA,NA,NA,0,NA,NA,NA,NA,0,NA,NA,NA,NA,0,NA,NA,NA,NA,21464,NA,NA,NA,NA,0,NA,NA,NA,NA,0,NA,NA,NA,NA,0,NA,NA,NA,NA,0,NA,NA,NA,NA,35119,NA,NA,NA,NA,0,NA,NA,NA,NA,1035,NA,NA,NA,NA,0,NA,NA,NA,NA,1650,NA,NA,NA,NA,100,NA,NA,NA,NA
M19 [Other Items],'19.10',Paediatrics Antibiotics ( Amoxycillin and Injectable Gentamicin),1. Balance From Previous Month,391798,NA,NA,NA,NA,3730,NA,NA,NA,NA,5790,NA,NA,NA,NA,0,NA,NA,NA,NA,43,NA,NA,NA,NA,70,NA,NA,NA,NA,12010,NA,NA,NA,NA,0,NA,NA,NA,NA,NA,NA,NA,NA,NA,0,NA,NA,NA,NA,NA,NA,NA,NA,NA,164750,NA,NA,NA,NA,46440,NA,NA,NA,NA,4800,NA,NA,NA,NA,NA,NA,NA,NA,NA,NA,NA,NA,NA,NA,0,NA,NA,NA,NA,0,NA,NA,NA,NA,34090,NA,NA,NA,NA,2870,NA,NA,NA,NA,43380,NA,NA,NA,NA,16070,NA,NA,NA,NA,17150,NA,NA,NA,NA,0,NA,NA,NA,NA,39905,NA,NA,NA,NA,NA,NA,NA,NA,NA,0,NA,NA,NA,NA,700,NA,NA,NA,NA
M19 [Other Items],19.10',Paediatrics Antibiotics ( Amoxycillin and Injectable Gentamicin),2. Stocks Received,57400,NA,NA,NA,NA,1600,NA,NA,NA,NA,10000,NA,NA,NA,NA,12800,NA,NA,NA,NA,3000,NA,NA,NA,NA,8000,NA,NA,NA,NA,0,NA,NA,NA,NA,0,NA,NA,NA,NA,NA,NA,NA,NA,NA,0,NA,NA,NA,NA,NA,NA,NA,NA,NA,2000,NA,NA,NA,NA,13000,NA,NA,NA,NA,0,NA,NA,NA,NA,NA,NA,NA,NA,NA,NA,NA,NA,NA,NA,0,NA,NA,NA,NA,0,NA,NA,NA,NA,0,NA,NA,NA,NA,0,NA,NA,NA,NA,7000,NA,NA,NA,NA,0,NA,NA,NA,NA,NA,NA,NA,NA,NA,0,NA,NA,NA,NA,0,NA,NA,NA,NA,NA,NA,NA,NA,NA,0,NA,NA,NA,NA,0,NA,NA,NA,NA
M19 [Other Items],19.10',Paediatrics Antibiotics ( Amoxycillin and Injectable Gentamicin),3. Unusable Stock,0,NA,NA,NA,NA,0,NA,NA,NA,NA,0,NA,NA,NA,NA,NA,NA,NA,NA,NA,0,NA,NA,NA,NA,0,NA,NA,NA,NA,0,NA,NA,NA,NA,0,NA,NA,NA,NA,NA,NA,NA,NA,NA,0,NA,NA,NA,NA,NA,NA,NA,NA,NA,NA,NA,NA,NA,NA,0,NA,NA,NA,NA,0,NA,NA,NA,NA,NA,NA,NA,NA,NA,NA,NA,NA,NA,NA,0,NA,NA,NA,NA,0,NA,NA,NA,NA,0,NA,NA,NA,NA,0,NA,NA,NA,NA,NA,NA,NA,NA,NA,0,NA,NA,NA,NA,NA,NA,NA,NA,NA,0,NA,NA,NA,NA,0,NA,NA,NA,NA,NA,NA,NA,NA,NA,0,NA,NA,NA,NA,0,NA,NA,NA,NA
M19 [Other Items],19.10',Paediatrics Antibiotics ( Amoxycillin and Injectable Gentamicin),4. Stock Distributed,87670,NA,NA,NA,NA,6320,NA,NA,NA,NA,750,NA,NA,NA,NA,2760,NA,NA,NA,NA,40,NA,NA,NA,NA,0,NA,NA,NA,NA,2755,NA,NA,NA,NA,0,NA,NA,NA,NA,NA,NA,NA,NA,NA,0,NA,NA,NA,NA,NA,NA,NA,NA,NA,37210,NA,NA,NA,NA,5830,NA,NA,NA,NA,150,NA,NA,NA,NA,NA,NA,NA,NA,NA,NA,NA,NA,NA,NA,0,NA,NA,NA,NA,0,NA,NA,NA,NA,2460,NA,NA,NA,NA,150,NA,NA,NA,NA,9500,NA,NA,NA,NA,1050,NA,NA,NA,NA,7200,NA,NA,NA,NA,0,NA,NA,NA,NA,11495,NA,NA,NA,NA,NA,NA,NA,NA,NA,0,NA,NA,NA,NA,0,NA,NA,NA,NA
M19 [Other Items],19.10',Paediatrics Antibiotics ( Amoxycillin and Injectable Gentamicin),5. Total Stock,361528,NA,NA,NA,NA,-990,NA,NA,NA,NA,15040,NA,NA,NA,NA,10040,NA,NA,NA,NA,3003,NA,NA,NA,NA,8070,NA,NA,NA,NA,9255,NA,NA,NA,NA,0,NA,NA,NA,NA,NA,NA,NA,NA,NA,0,NA,NA,NA,NA,0,NA,NA,NA,NA,129540,NA,NA,NA,NA,53610,NA,NA,NA,NA,4650,NA,NA,NA,NA,0,NA,NA,NA,NA,0,NA,NA,NA,NA,0,NA,NA,NA,NA,0,NA,NA,NA,NA,31630,NA,NA,NA,NA,2720,NA,NA,NA,NA,40880,NA,NA,NA,NA,15020,NA,NA,NA,NA,9950,NA,NA,NA,NA,0,NA,NA,NA,NA,28410,NA,NA,NA,NA,0,NA,NA,NA,NA,0,NA,NA,NA,NA,700,NA,NA,NA,NA
M19 [Other Items],'19.11',Vit A syrup,1. Balance From Previous Month,3229,NA,NA,NA,NA,50,NA,NA,NA,NA,163,NA,NA,NA,NA,131,NA,NA,NA,NA,0,NA,NA,NA,NA,26,NA,NA,NA,NA,212,NA,NA,NA,NA,0,NA,NA,NA,NA,NA,NA,NA,NA,NA,402,NA,NA,NA,NA,NA,NA,NA,NA,NA,300,NA,NA,NA,NA,301,NA,NA,NA,NA,0,NA,NA,NA,NA,NA,NA,NA,NA,NA,NA,NA,NA,NA,NA,0,NA,NA,NA,NA,2,NA,NA,NA,NA,163,NA,NA,NA,NA,297,NA,NA,NA,NA,70,NA,NA,NA,NA,0,NA,NA,NA,NA,599,NA,NA,NA,NA,27,NA,NA,NA,NA,56,NA,NA,NA,NA,NA,NA,NA,NA,NA,120,NA,NA,NA,NA,310,NA,NA,NA,NA
M19 [Other Items],19.11',Vit A syrup,2. Stocks Received,0,NA,NA,NA,NA,0,NA,NA,NA,NA,0,NA,NA,NA,NA,0,NA,NA,NA,NA,0,NA,NA,NA,NA,0,NA,NA,NA,NA,0,NA,NA,NA,NA,0,NA,NA,NA,NA,NA,NA,NA,NA,NA,0,NA,NA,NA,NA,NA,NA,NA,NA,NA,0,NA,NA,NA,NA,0,NA,NA,NA,NA,0,NA,NA,NA,NA,NA,NA,NA,NA,NA,NA,NA,NA,NA,NA,0,NA,NA,NA,NA,0,NA,NA,NA,NA,0,NA,NA,NA,NA,0,NA,NA,NA,NA,0,NA,NA,NA,NA,0,NA,NA,NA,NA,NA,NA,NA,NA,NA,0,NA,NA,NA,NA,0,NA,NA,NA,NA,NA,NA,NA,NA,NA,0,NA,NA,NA,NA,0,NA,NA,NA,NA
M19 [Other Items],19.11',Vit A syrup,3. Unusable Stock,0,NA,NA,NA,NA,0,NA,NA,NA,NA,0,NA,NA,NA,NA,0,NA,NA,NA,NA,0,NA,NA,NA,NA,0,NA,NA,NA,NA,0,NA,NA,NA,NA,0,NA,NA,NA,NA,NA,NA,NA,NA,NA,0,NA,NA,NA,NA,NA,NA,NA,NA,NA,NA,NA,NA,NA,NA,0,NA,NA,NA,NA,0,NA,NA,NA,NA,NA,NA,NA,NA,NA,NA,NA,NA,NA,NA,0,NA,NA,NA,NA,0,NA,NA,NA,NA,0,NA,NA,NA,NA,0,NA,NA,NA,NA,NA,NA,NA,NA,NA,0,NA,NA,NA,NA,NA,NA,NA,NA,NA,0,NA,NA,NA,NA,0,NA,NA,NA,NA,NA,NA,NA,NA,NA,0,NA,NA,NA,NA,0,NA,NA,NA,NA
M19 [Other Items],19.11',Vit A syrup,4. Stock Distributed,864,NA,NA,NA,NA,0,NA,NA,NA,NA,0,NA,NA,NA,NA,8,NA,NA,NA,NA,0,NA,NA,NA,NA,20,NA,NA,NA,NA,0,NA,NA,NA,NA,0,NA,NA,NA,NA,NA,NA,NA,NA,NA,0,NA,NA,NA,NA,NA,NA,NA,NA,NA,150,NA,NA,NA,NA,0,NA,NA,NA,NA,0,NA,NA,NA,NA,NA,NA,NA,NA,NA,NA,NA,NA,NA,NA,0,NA,NA,NA,NA,0,NA,NA,NA,NA,21,NA,NA,NA,NA,5,NA,NA,NA,NA,23,NA,NA,NA,NA,0,NA,NA,NA,NA,235,NA,NA,NA,NA,2,NA,NA,NA,NA,0,NA,NA,NA,NA,NA,NA,NA,NA,NA,90,NA,NA,NA,NA,310,NA,NA,NA,NA
M19 [Other Items],19.11',Vit A syrup,5. Total Stock,2365,NA,NA,NA,NA,50,NA,NA,NA,NA,163,NA,NA,NA,NA,123,NA,NA,NA,NA,0,NA,NA,NA,NA,6,NA,NA,NA,NA,212,NA,NA,NA,NA,0,NA,NA,NA,NA,NA,NA,NA,NA,NA,402,NA,NA,NA,NA,0,NA,NA,NA,NA,150,NA,NA,NA,NA,301,NA,NA,NA,NA,0,NA,NA,NA,NA,0,NA,NA,NA,NA,0,NA,NA,NA,NA,0,NA,NA,NA,NA,2,NA,NA,NA,NA,142,NA,NA,NA,NA,292,NA,NA,NA,NA,47,NA,NA,NA,NA,0,NA,NA,NA,NA,364,NA,NA,NA,NA,25,NA,NA,NA,NA,56,NA,NA,NA,NA,0,NA,NA,NA,NA,30,NA,NA,NA,NA,0,NA,NA,NA,NA
M19 [Other Items],'19.12',ORS (New WHO),1. Balance From Previous Month,759564,NA,NA,NA,NA,22050,NA,NA,NA,NA,20550,NA,NA,NA,NA,200,NA,NA,NA,NA,6614,NA,NA,NA,NA,300,NA,NA,NA,NA,86810,NA,NA,NA,NA,3700,NA,NA,NA,NA,NA,NA,NA,NA,NA,20240,NA,NA,NA,NA,NA,NA,NA,NA,NA,12700,NA,NA,NA,NA,0,NA,NA,NA,NA,34050,NA,NA,NA,NA,NA,NA,NA,NA,NA,NA,NA,NA,NA,NA,0,NA,NA,NA,NA,39345,NA,NA,NA,NA,16200,NA,NA,NA,NA,34350,NA,NA,NA,NA,150200,NA,NA,NA,NA,62500,NA,NA,NA,NA,99800,NA,NA,NA,NA,28980,NA,NA,NA,NA,87975,NA,NA,NA,NA,NA,NA,NA,NA,NA,27000,NA,NA,NA,NA,6000,NA,NA,NA,NA
M19 [Other Items],19.12',ORS (New WHO),2. Stocks Received,3075200,NA,NA,NA,NA,37800,NA,NA,NA,NA,75000,NA,NA,NA,NA,80400,NA,NA,NA,NA,58200,NA,NA,NA,NA,45000,NA,NA,NA,NA,0,NA,NA,NA,NA,54000,NA,NA,NA,NA,NA,NA,NA,NA,NA,0,NA,NA,NA,NA,NA,NA,NA,NA,NA,12000,NA,NA,NA,NA,0,NA,NA,NA,NA,60000,NA,NA,NA,NA,NA,NA,NA,NA,NA,NA,NA,NA,NA,NA,0,NA,NA,NA,NA,0,NA,NA,NA,NA,140400,NA,NA,NA,NA,66600,NA,NA,NA,NA,0,NA,NA,NA,NA,0,NA,NA,NA,NA,2352200,NA,NA,NA,NA,0,NA,NA,NA,NA,0,NA,NA,NA,NA,NA,NA,NA,NA,NA,39000,NA,NA,NA,NA,54600,NA,NA,NA,NA
M19 [Other Items],19.12',ORS (New WHO),3. Unusable Stock,0,NA,NA,NA,NA,0,NA,NA,NA,NA,0,NA,NA,NA,NA,NA,NA,NA,NA,NA,0,NA,NA,NA,NA,0,NA,NA,NA,NA,0,NA,NA,NA,NA,0,NA,NA,NA,NA,NA,NA,NA,NA,NA,0,NA,NA,NA,NA,NA,NA,NA,NA,NA,NA,NA,NA,NA,NA,0,NA,NA,NA,NA,0,NA,NA,NA,NA,NA,NA,NA,NA,NA,NA,NA,NA,NA,NA,0,NA,NA,NA,NA,0,NA,NA,NA,NA,0,NA,NA,NA,NA,0,NA,NA,NA,NA,NA,NA,NA,NA,NA,0,NA,NA,NA,NA,NA,NA,NA,NA,NA,0,NA,NA,NA,NA,0,NA,NA,NA,NA,NA,NA,NA,NA,NA,0,NA,NA,NA,NA,0,NA,NA,NA,NA
M19 [Other Items],19.12',ORS (New WHO),4. Stock Distributed,296270,NA,NA,NA,NA,15150,NA,NA,NA,NA,19500,NA,NA,NA,NA,NA,NA,NA,NA,NA,5650,NA,NA,NA,NA,300,NA,NA,NA,NA,28800,NA,NA,NA,NA,15000,NA,NA,NA,NA,NA,NA,NA,NA,NA,8700,NA,NA,NA,NA,NA,NA,NA,NA,NA,7950,NA,NA,NA,NA,0,NA,NA,NA,NA,9000,NA,NA,NA,NA,NA,NA,NA,NA,NA,NA,NA,NA,NA,NA,0,NA,NA,NA,NA,12150,NA,NA,NA,NA,12900,NA,NA,NA,NA,5400,NA,NA,NA,NA,41600,NA,NA,NA,NA,14700,NA,NA,NA,NA,30000,NA,NA,NA,NA,7050,NA,NA,NA,NA,31370,NA,NA,NA,NA,NA,NA,NA,NA,NA,22350,NA,NA,NA,NA,8700,NA,NA,NA,NA
M19 [Other Items],19.12',ORS (New WHO),5. Total Stock,1116494,NA,NA,NA,NA,44700,NA,NA,NA,NA,76050,NA,NA,NA,NA,80600,NA,NA,NA,NA,59164,NA,NA,NA,NA,45000,NA,NA,NA,NA,58010,NA,NA,NA,NA,42700,NA,NA,NA,NA,NA,NA,NA,NA,NA,11540,NA,NA,NA,NA,NA,NA,NA,NA,NA,16750,NA,NA,NA,NA,0,NA,NA,NA,NA,85050,NA,NA,NA,NA,NA,NA,NA,NA,NA,NA,NA,NA,NA,NA,0,NA,NA,NA,NA,27195,NA,NA,NA,NA,143700,NA,NA,NA,NA,95550,NA,NA,NA,NA,108600,NA,NA,NA,NA,47800,NA,NA,NA,NA,NA,NA,NA,NA,NA,21930,NA,NA,NA,NA,56605,NA,NA,NA,NA,NA,NA,NA,NA,NA,43650,NA,NA,NA,NA,51900,NA,NA,NA,NA
M19 [Other Items],'19.13',RTI /STI colour coded syndromic kits ( I to VII),1. Balance From Previous Month,2467,NA,NA,NA,NA,1132,NA,NA,NA,NA,0,NA,NA,NA,NA,0,NA,NA,NA,NA,0,NA,NA,NA,NA,0,NA,NA,NA,NA,0,NA,NA,NA,NA,0,NA,NA,NA,NA,NA,NA,NA,NA,NA,0,NA,NA,NA,NA,NA,NA,NA,NA,NA,NA,NA,NA,NA,NA,NA,NA,NA,NA,NA,0,NA,NA,NA,NA,NA,NA,NA,NA,NA,NA,NA,NA,NA,NA,0,NA,NA,NA,NA,0,NA,NA,NA,NA,0,NA,NA,NA,NA,0,NA,NA,NA,NA,0,NA,NA,NA,NA,0,NA,NA,NA,NA,NA,NA,NA,NA,NA,0,NA,NA,NA,NA,0,NA,NA,NA,NA,NA,NA,NA,NA,NA,1335,NA,NA,NA,NA,0,NA,NA,NA,NA
M19 [Other Items],19.13',RTI /STI colour coded syndromic kits ( I to VII),2. Stocks Received,0,NA,NA,NA,NA,0,NA,NA,NA,NA,0,NA,NA,NA,NA,0,NA,NA,NA,NA,0,NA,NA,NA,NA,0,NA,NA,NA,NA,0,NA,NA,NA,NA,0,NA,NA,NA,NA,NA,NA,NA,NA,NA,0,NA,NA,NA,NA,NA,NA,NA,NA,NA,NA,NA,NA,NA,NA,NA,NA,NA,NA,NA,0,NA,NA,NA,NA,NA,NA,NA,NA,NA,NA,NA,NA,NA,NA,0,NA,NA,NA,NA,0,NA,NA,NA,NA,0,NA,NA,NA,NA,0,NA,NA,NA,NA,0,NA,NA,NA,NA,0,NA,NA,NA,NA,NA,NA,NA,NA,NA,0,NA,NA,NA,NA,0,NA,NA,NA,NA,NA,NA,NA,NA,NA,0,NA,NA,NA,NA,0,NA,NA,NA,NA
M19 [Other Items],19.13',RTI /STI colour coded syndromic kits ( I to VII),3. Unusable Stock,0,NA,NA,NA,NA,0,NA,NA,NA,NA,0,NA,NA,NA,NA,0,NA,NA,NA,NA,0,NA,NA,NA,NA,0,NA,NA,NA,NA,0,NA,NA,NA,NA,0,NA,NA,NA,NA,NA,NA,NA,NA,NA,0,NA,NA,NA,NA,NA,NA,NA,NA,NA,NA,NA,NA,NA,NA,NA,NA,NA,NA,NA,0,NA,NA,NA,NA,NA,NA,NA,NA,NA,NA,NA,NA,NA,NA,0,NA,NA,NA,NA,0,NA,NA,NA,NA,0,NA,NA,NA,NA,0,NA,NA,NA,NA,NA,NA,NA,NA,NA,0,NA,NA,NA,NA,NA,NA,NA,NA,NA,0,NA,NA,NA,NA,0,NA,NA,NA,NA,NA,NA,NA,NA,NA,0,NA,NA,NA,NA,0,NA,NA,NA,NA
M19 [Other Items],19.13',RTI /STI colour coded syndromic kits ( I to VII),4. Stock Distributed,0,NA,NA,NA,NA,0,NA,NA,NA,NA,0,NA,NA,NA,NA,0,NA,NA,NA,NA,0,NA,NA,NA,NA,0,NA,NA,NA,NA,0,NA,NA,NA,NA,0,NA,NA,NA,NA,NA,NA,NA,NA,NA,0,NA,NA,NA,NA,NA,NA,NA,NA,NA,NA,NA,NA,NA,NA,NA,NA,NA,NA,NA,0,NA,NA,NA,NA,NA,NA,NA,NA,NA,NA,NA,NA,NA,NA,0,NA,NA,NA,NA,0,NA,NA,NA,NA,0,NA,NA,NA,NA,0,NA,NA,NA,NA,0,NA,NA,NA,NA,0,NA,NA,NA,NA,NA,NA,NA,NA,NA,0,NA,NA,NA,NA,0,NA,NA,NA,NA,NA,NA,NA,NA,NA,0,NA,NA,NA,NA,0,NA,NA,NA,NA
M19 [Other Items],19.13',RTI /STI colour coded syndromic kits ( I to VII),5. Total Stock,2467,NA,NA,NA,NA,1132,NA,NA,NA,NA,0,NA,NA,NA,NA,0,NA,NA,NA,NA,0,NA,NA,NA,NA,0,NA,NA,NA,NA,0,NA,NA,NA,NA,0,NA,NA,NA,NA,NA,NA,NA,NA,NA,0,NA,NA,NA,NA,NA,NA,NA,NA,NA,NA,NA,NA,NA,NA,NA,NA,NA,NA,NA,0,NA,NA,NA,NA,NA,NA,NA,NA,NA,NA,NA,NA,NA,NA,0,NA,NA,NA,NA,0,NA,NA,NA,NA,0,NA,NA,NA,NA,0,NA,NA,NA,NA,0,NA,NA,NA,NA,0,NA,NA,NA,NA,NA,NA,NA,NA,NA,0,NA,NA,NA,NA,0,NA,NA,NA,NA,NA,NA,NA,NA,NA,1335,NA,NA,NA,NA,0,NA,NA,NA,NA
M19 [Other Items],'19.14',Zinc 20 mg tablet,1. Balance From Previous Month,4492307,NA,NA,NA,NA,166216,NA,NA,NA,NA,107320,NA,NA,NA,NA,247530,NA,NA,NA,NA,115086,NA,NA,NA,NA,168,NA,NA,NA,NA,235500,NA,NA,NA,NA,15148,NA,NA,NA,NA,NA,NA,NA,NA,NA,605851,NA,NA,NA,NA,NA,NA,NA,NA,NA,672,NA,NA,NA,NA,NA,NA,NA,NA,NA,27860,NA,NA,NA,NA,NA,NA,NA,NA,NA,NA,NA,NA,NA,NA,0,NA,NA,NA,NA,73338,NA,NA,NA,NA,9540,NA,NA,NA,NA,529116,NA,NA,NA,NA,0,NA,NA,NA,NA,43120,NA,NA,NA,NA,1254498,NA,NA,NA,NA,205290,NA,NA,NA,NA,57754,NA,NA,NA,NA,NA,NA,NA,NA,NA,796300,NA,NA,NA,NA,2000,NA,NA,NA,NA
M19 [Other Items],19.14',Zinc 20 mg tablet,2. Stocks Received,5000,NA,NA,NA,NA,0,NA,NA,NA,NA,0,NA,NA,NA,NA,NA,NA,NA,NA,NA,0,NA,NA,NA,NA,0,NA,NA,NA,NA,0,NA,NA,NA,NA,0,NA,NA,NA,NA,NA,NA,NA,NA,NA,0,NA,NA,NA,NA,NA,NA,NA,NA,NA,0,NA,NA,NA,NA,NA,NA,NA,NA,NA,0,NA,NA,NA,NA,NA,NA,NA,NA,NA,NA,NA,NA,NA,NA,0,NA,NA,NA,NA,0,NA,NA,NA,NA,5000,NA,NA,NA,NA,0,NA,NA,NA,NA,0,NA,NA,NA,NA,0,NA,NA,NA,NA,NA,NA,NA,NA,NA,0,NA,NA,NA,NA,0,NA,NA,NA,NA,NA,NA,NA,NA,NA,0,NA,NA,NA,NA,0,NA,NA,NA,NA
M19 [Other Items],19.14',Zinc 20 mg tablet,3. Unusable Stock,0,NA,NA,NA,NA,0,NA,NA,NA,NA,0,NA,NA,NA,NA,NA,NA,NA,NA,NA,0,NA,NA,NA,NA,0,NA,NA,NA,NA,0,NA,NA,NA,NA,0,NA,NA,NA,NA,NA,NA,NA,NA,NA,0,NA,NA,NA,NA,NA,NA,NA,NA,NA,NA,NA,NA,NA,NA,NA,NA,NA,NA,NA,0,NA,NA,NA,NA,NA,NA,NA,NA,NA,NA,NA,NA,NA,NA,0,NA,NA,NA,NA,0,NA,NA,NA,NA,0,NA,NA,NA,NA,0,NA,NA,NA,NA,NA,NA,NA,NA,NA,0,NA,NA,NA,NA,NA,NA,NA,NA,NA,0,NA,NA,NA,NA,0,NA,NA,NA,NA,NA,NA,NA,NA,NA,0,NA,NA,NA,NA,0,NA,NA,NA,NA
M19 [Other Items],19.14',Zinc 20 mg tablet,4. Stock Distributed,1036234,NA,NA,NA,NA,10000,NA,NA,NA,NA,87720,NA,NA,NA,NA,8400,NA,NA,NA,NA,8400,NA,NA,NA,NA,0,NA,NA,NA,NA,84700,NA,NA,NA,NA,6860,NA,NA,NA,NA,NA,NA,NA,NA,NA,32100,NA,NA,NA,NA,NA,NA,NA,NA,NA,0,NA,NA,NA,NA,NA,NA,NA,NA,NA,17780,NA,NA,NA,NA,NA,NA,NA,NA,NA,NA,NA,NA,NA,NA,0,NA,NA,NA,NA,0,NA,NA,NA,NA,0,NA,NA,NA,NA,54200,NA,NA,NA,NA,0,NA,NA,NA,NA,0,NA,NA,NA,NA,203500,NA,NA,NA,NA,6600,NA,NA,NA,NA,57754,NA,NA,NA,NA,NA,NA,NA,NA,NA,456400,NA,NA,NA,NA,1820,NA,NA,NA,NA
M19 [Other Items],19.14',Zinc 20 mg tablet,5. Total Stock,2410075,NA,NA,NA,NA,156216,NA,NA,NA,NA,19600,NA,NA,NA,NA,239130,NA,NA,NA,NA,106686,NA,NA,NA,NA,168,NA,NA,NA,NA,150800,NA,NA,NA,NA,8288,NA,NA,NA,NA,NA,NA,NA,NA,NA,573751,NA,NA,NA,NA,NA,NA,NA,NA,NA,672,NA,NA,NA,NA,NA,NA,NA,NA,NA,10080,NA,NA,NA,NA,NA,NA,NA,NA,NA,NA,NA,NA,NA,NA,0,NA,NA,NA,NA,73338,NA,NA,NA,NA,14540,NA,NA,NA,NA,474916,NA,NA,NA,NA,0,NA,NA,NA,NA,43120,NA,NA,NA,NA,NA,NA,NA,NA,NA,198690,NA,NA,NA,NA,0,NA,NA,NA,NA,NA,NA,NA,NA,NA,339900,NA,NA,NA,NA,180,NA,NA,NA,NA
M19 [Other Items],'19.15',Albendazole 400 mg tablet,1. Balance From Previous Month,26850,NA,NA,NA,NA,300,NA,NA,NA,NA,1200,NA,NA,NA,NA,0,NA,NA,NA,NA,0,NA,NA,NA,NA,100,NA,NA,NA,NA,60,NA,NA,NA,NA,0,NA,NA,NA,NA,NA,NA,NA,NA,NA,0,NA,NA,NA,NA,NA,NA,NA,NA,NA,100,NA,NA,NA,NA,NA,NA,NA,NA,NA,0,NA,NA,NA,NA,NA,NA,NA,NA,NA,NA,NA,NA,NA,NA,0,NA,NA,NA,NA,0,NA,NA,NA,NA,90,NA,NA,NA,NA,0,NA,NA,NA,NA,0,NA,NA,NA,NA,19000,NA,NA,NA,NA,NA,NA,NA,NA,NA,5000,NA,NA,NA,NA,0,NA,NA,NA,NA,NA,NA,NA,NA,NA,0,NA,NA,NA,NA,1000,NA,NA,NA,NA
M19 [Other Items],19.15',Albendazole 400 mg tablet,2. Stocks Received,0,NA,NA,NA,NA,0,NA,NA,NA,NA,0,NA,NA,NA,NA,0,NA,NA,NA,NA,0,NA,NA,NA,NA,0,NA,NA,NA,NA,0,NA,NA,NA,NA,0,NA,NA,NA,NA,NA,NA,NA,NA,NA,0,NA,NA,NA,NA,NA,NA,NA,NA,NA,0,NA,NA,NA,NA,NA,NA,NA,NA,NA,0,NA,NA,NA,NA,NA,NA,NA,NA,NA,NA,NA,NA,NA,NA,0,NA,NA,NA,NA,0,NA,NA,NA,NA,0,NA,NA,NA,NA,0,NA,NA,NA,NA,0,NA,NA,NA,NA,0,NA,NA,NA,NA,NA,NA,NA,NA,NA,0,NA,NA,NA,NA,0,NA,NA,NA,NA,NA,NA,NA,NA,NA,0,NA,NA,NA,NA,0,NA,NA,NA,NA
M19 [Other Items],19.15',Albendazole 400 mg tablet,3. Unusable Stock,0,NA,NA,NA,NA,0,NA,NA,NA,NA,0,NA,NA,NA,NA,0,NA,NA,NA,NA,0,NA,NA,NA,NA,0,NA,NA,NA,NA,0,NA,NA,NA,NA,0,NA,NA,NA,NA,NA,NA,NA,NA,NA,0,NA,NA,NA,NA,NA,NA,NA,NA,NA,NA,NA,NA,NA,NA,NA,NA,NA,NA,NA,0,NA,NA,NA,NA,NA,NA,NA,NA,NA,NA,NA,NA,NA,NA,0,NA,NA,NA,NA,0,NA,NA,NA,NA,0,NA,NA,NA,NA,0,NA,NA,NA,NA,NA,NA,NA,NA,NA,0,NA,NA,NA,NA,NA,NA,NA,NA,NA,0,NA,NA,NA,NA,0,NA,NA,NA,NA,NA,NA,NA,NA,NA,0,NA,NA,NA,NA,0,NA,NA,NA,NA
M19 [Other Items],19.15',Albendazole 400 mg tablet,4. Stock Distributed,5090,NA,NA,NA,NA,0,NA,NA,NA,NA,0,NA,NA,NA,NA,0,NA,NA,NA,NA,0,NA,NA,NA,NA,0,NA,NA,NA,NA,0,NA,NA,NA,NA,0,NA,NA,NA,NA,NA,NA,NA,NA,NA,0,NA,NA,NA,NA,NA,NA,NA,NA,NA,0,NA,NA,NA,NA,NA,NA,NA,NA,NA,0,NA,NA,NA,NA,NA,NA,NA,NA,NA,NA,NA,NA,NA,NA,0,NA,NA,NA,NA,0,NA,NA,NA,NA,90,NA,NA,NA,NA,0,NA,NA,NA,NA,0,NA,NA,NA,NA,5000,NA,NA,NA,NA,NA,NA,NA,NA,NA,0,NA,NA,NA,NA,0,NA,NA,NA,NA,NA,NA,NA,NA,NA,0,NA,NA,NA,NA,0,NA,NA,NA,NA
M19 [Other Items],19.15',Albendazole 400 mg tablet,5. Total Stock,21760,NA,NA,NA,NA,300,NA,NA,NA,NA,1200,NA,NA,NA,NA,0,NA,NA,NA,NA,0,NA,NA,NA,NA,100,NA,NA,NA,NA,60,NA,NA,NA,NA,0,NA,NA,NA,NA,NA,NA,NA,NA,NA,0,NA,NA,NA,NA,NA,NA,NA,NA,NA,100,NA,NA,NA,NA,NA,NA,NA,NA,NA,0,NA,NA,NA,NA,NA,NA,NA,NA,NA,NA,NA,NA,NA,NA,0,NA,NA,NA,NA,0,NA,NA,NA,NA,0,NA,NA,NA,NA,0,NA,NA,NA,NA,0,NA,NA,NA,NA,14000,NA,NA,NA,NA,NA,NA,NA,NA,NA,5000,NA,NA,NA,NA,0,NA,NA,NA,NA,NA,NA,NA,NA,NA,0,NA,NA,NA,NA,1000,NA,NA,NA,NA
M19 [Other Items],'19.16',Calcium Tablets,1. Balance From Previous Month,29637864,NA,NA,NA,NA,31800,NA,NA,NA,NA,4977000,NA,NA,NA,NA,35800,NA,NA,NA,NA,103600,NA,NA,NA,NA,1121700,NA,NA,NA,NA,800420,NA,NA,NA,NA,47400,NA,NA,NA,NA,NA,NA,NA,NA,NA,42200,NA,NA,NA,NA,NA,NA,NA,NA,NA,73900,NA,NA,NA,NA,244880,NA,NA,NA,NA,1088500,NA,NA,NA,NA,NA,NA,NA,NA,NA,NA,NA,NA,NA,NA,0,NA,NA,NA,NA,65834,NA,NA,NA,NA,400,NA,NA,NA,NA,2465700,NA,NA,NA,NA,1817500,NA,NA,NA,NA,21960,NA,NA,NA,NA,12294050,NA,NA,NA,NA,600,NA,NA,NA,NA,1176300,NA,NA,NA,NA,NA,NA,NA,NA,NA,3207320,NA,NA,NA,NA,21000,NA,NA,NA,NA
M19 [Other Items],19.16',Calcium Tablets,2. Stocks Received,0,NA,NA,NA,NA,0,NA,NA,NA,NA,0,NA,NA,NA,NA,NA,NA,NA,NA,NA,0,NA,NA,NA,NA,0,NA,NA,NA,NA,0,NA,NA,NA,NA,0,NA,NA,NA,NA,NA,NA,NA,NA,NA,0,NA,NA,NA,NA,NA,NA,NA,NA,NA,0,NA,NA,NA,NA,0,NA,NA,NA,NA,0,NA,NA,NA,NA,NA,NA,NA,NA,NA,NA,NA,NA,NA,NA,0,NA,NA,NA,NA,0,NA,NA,NA,NA,0,NA,NA,NA,NA,0,NA,NA,NA,NA,0,NA,NA,NA,NA,0,NA,NA,NA,NA,NA,NA,NA,NA,NA,0,NA,NA,NA,NA,0,NA,NA,NA,NA,NA,NA,NA,NA,NA,0,NA,NA,NA,NA,0,NA,NA,NA,NA
M19 [Other Items],19.16',Calcium Tablets,3. Unusable Stock,0,NA,NA,NA,NA,0,NA,NA,NA,NA,0,NA,NA,NA,NA,NA,NA,NA,NA,NA,0,NA,NA,NA,NA,0,NA,NA,NA,NA,0,NA,NA,NA,NA,0,NA,NA,NA,NA,NA,NA,NA,NA,NA,0,NA,NA,NA,NA,NA,NA,NA,NA,NA,NA,NA,NA,NA,NA,0,NA,NA,NA,NA,0,NA,NA,NA,NA,NA,NA,NA,NA,NA,NA,NA,NA,NA,NA,0,NA,NA,NA,NA,0,NA,NA,NA,NA,0,NA,NA,NA,NA,0,NA,NA,NA,NA,NA,NA,NA,NA,NA,0,NA,NA,NA,NA,NA,NA,NA,NA,NA,0,NA,NA,NA,NA,0,NA,NA,NA,NA,NA,NA,NA,NA,NA,0,NA,NA,NA,NA,0,NA,NA,NA,NA
M19 [Other Items],19.16',Calcium Tablets,4. Stock Distributed,3407840,NA,NA,NA,NA,16500,NA,NA,NA,NA,480400,NA,NA,NA,NA,29500,NA,NA,NA,NA,78200,NA,NA,NA,NA,32400,NA,NA,NA,NA,232270,NA,NA,NA,NA,5200,NA,NA,NA,NA,NA,NA,NA,NA,NA,11300,NA,NA,NA,NA,NA,NA,NA,NA,NA,20000,NA,NA,NA,NA,12200,NA,NA,NA,NA,137850,NA,NA,NA,NA,NA,NA,NA,NA,NA,NA,NA,NA,NA,NA,0,NA,NA,NA,NA,0,NA,NA,NA,NA,400,NA,NA,NA,NA,175000,NA,NA,NA,NA,237000,NA,NA,NA,NA,0,NA,NA,NA,NA,1237500,NA,NA,NA,NA,300,NA,NA,NA,NA,150000,NA,NA,NA,NA,NA,NA,NA,NA,NA,531820,NA,NA,NA,NA,20000,NA,NA,NA,NA
M19 [Other Items],19.16',Calcium Tablets,5. Total Stock,15173474,NA,NA,NA,NA,15300,NA,NA,NA,NA,4496600,NA,NA,NA,NA,6300,NA,NA,NA,NA,25400,NA,NA,NA,NA,1089300,NA,NA,NA,NA,568150,NA,NA,NA,NA,42200,NA,NA,NA,NA,NA,NA,NA,NA,NA,30900,NA,NA,NA,NA,NA,NA,NA,NA,NA,53900,NA,NA,NA,NA,232680,NA,NA,NA,NA,950650,NA,NA,NA,NA,NA,NA,NA,NA,NA,NA,NA,NA,NA,NA,0,NA,NA,NA,NA,65834,NA,NA,NA,NA,0,NA,NA,NA,NA,2290700,NA,NA,NA,NA,1580500,NA,NA,NA,NA,21960,NA,NA,NA,NA,NA,NA,NA,NA,NA,300,NA,NA,NA,NA,1026300,NA,NA,NA,NA,NA,NA,NA,NA,NA,2675500,NA,NA,NA,NA,1000,NA,NA,NA,NA
M20 [Syringes],'20.1',Syringes - 0.1 ml (AD),1. Balance From Previous Month,740201,NA,NA,NA,NA,14700,NA,NA,NA,NA,47770,NA,NA,NA,NA,12606,NA,NA,NA,NA,54800,NA,NA,NA,NA,8400,NA,NA,NA,NA,29515,NA,NA,NA,NA,18200,NA,NA,NA,NA,NA,NA,NA,NA,NA,16150,NA,NA,NA,NA,7150,NA,NA,NA,NA,20350,NA,NA,NA,NA,14900,NA,NA,NA,NA,41600,NA,NA,NA,NA,12525,NA,NA,NA,NA,36190,NA,NA,NA,NA,45700,NA,NA,NA,NA,41155,NA,NA,NA,NA,44100,NA,NA,NA,NA,38300,NA,NA,NA,NA,23500,NA,NA,NA,NA,30690,NA,NA,NA,NA,78200,NA,NA,NA,NA,22350,NA,NA,NA,NA,21500,NA,NA,NA,NA,15050,NA,NA,NA,NA,20600,NA,NA,NA,NA,24200,NA,NA,NA,NA
M20 [Syringes],20.1',Syringes - 0.1 ml (AD),2. Stocks Received,157800,NA,NA,NA,NA,12600,NA,NA,NA,NA,16800,NA,NA,NA,NA,4700,NA,NA,NA,NA,0,NA,NA,NA,NA,0,NA,NA,NA,NA,12600,NA,NA,NA,NA,3000,NA,NA,NA,NA,NA,NA,NA,NA,NA,0,NA,NA,NA,NA,0,NA,NA,NA,NA,0,NA,NA,NA,NA,6000,NA,NA,NA,NA,0,NA,NA,NA,NA,0,NA,NA,NA,NA,0,NA,NA,NA,NA,20000,NA,NA,NA,NA,7400,NA,NA,NA,NA,500,NA,NA,NA,NA,0,NA,NA,NA,NA,6000,NA,NA,NA,NA,0,NA,NA,NA,NA,36000,NA,NA,NA,NA,5200,NA,NA,NA,NA,0,NA,NA,NA,NA,12000,NA,NA,NA,NA,9000,NA,NA,NA,NA,6000,NA,NA,NA,NA
M20 [Syringes],20.1',Syringes - 0.1 ml (AD),3. Unusable Stock,0,NA,NA,NA,NA,0,NA,NA,NA,NA,0,NA,NA,NA,NA,NA,NA,NA,NA,NA,0,NA,NA,NA,NA,0,NA,NA,NA,NA,0,NA,NA,NA,NA,0,NA,NA,NA,NA,NA,NA,NA,NA,NA,0,NA,NA,NA,NA,0,NA,NA,NA,NA,NA,NA,NA,NA,NA,0,NA,NA,NA,NA,0,NA,NA,NA,NA,NA,NA,NA,NA,NA,0,NA,NA,NA,NA,0,NA,NA,NA,NA,0,NA,NA,NA,NA,0,NA,NA,NA,NA,0,NA,NA,NA,NA,NA,NA,NA,NA,NA,0,NA,NA,NA,NA,NA,NA,NA,NA,NA,0,NA,NA,NA,NA,0,NA,NA,NA,NA,0,NA,NA,NA,NA,0,NA,NA,NA,NA,0,NA,NA,NA,NA
M20 [Syringes],20.1',Syringes - 0.1 ml (AD),4. Stock Distributed,160700,NA,NA,NA,NA,5800,NA,NA,NA,NA,4000,NA,NA,NA,NA,2200,NA,NA,NA,NA,10900,NA,NA,NA,NA,8200,NA,NA,NA,NA,7800,NA,NA,NA,NA,3500,NA,NA,NA,NA,NA,NA,NA,NA,NA,8000,NA,NA,NA,NA,1500,NA,NA,NA,NA,7800,NA,NA,NA,NA,2800,NA,NA,NA,NA,3200,NA,NA,NA,NA,2650,NA,NA,NA,NA,7000,NA,NA,NA,NA,6800,NA,NA,NA,NA,4850,NA,NA,NA,NA,5200,NA,NA,NA,NA,7300,NA,NA,NA,NA,8500,NA,NA,NA,NA,6200,NA,NA,NA,NA,20600,NA,NA,NA,NA,4800,NA,NA,NA,NA,4100,NA,NA,NA,NA,10000,NA,NA,NA,NA,7000,NA,NA,NA,NA,0,NA,NA,NA,NA
M20 [Syringes],20.1',Syringes - 0.1 ml (AD),5. Total Stock,737301,NA,NA,NA,NA,21500,NA,NA,NA,NA,60570,NA,NA,NA,NA,15106,NA,NA,NA,NA,43900,NA,NA,NA,NA,200,NA,NA,NA,NA,34315,NA,NA,NA,NA,17700,NA,NA,NA,NA,NA,NA,NA,NA,NA,8150,NA,NA,NA,NA,5650,NA,NA,NA,NA,12550,NA,NA,NA,NA,18100,NA,NA,NA,NA,38400,NA,NA,NA,NA,9875,NA,NA,NA,NA,29190,NA,NA,NA,NA,58900,NA,NA,NA,NA,43705,NA,NA,NA,NA,39400,NA,NA,NA,NA,31000,NA,NA,NA,NA,21000,NA,NA,NA,NA,24490,NA,NA,NA,NA,93600,NA,NA,NA,NA,22750,NA,NA,NA,NA,17400,NA,NA,NA,NA,17050,NA,NA,NA,NA,22600,NA,NA,NA,NA,30200,NA,NA,NA,NA
M20 [Syringes],'20.2',Syringes - 0.5 ml (AD),1. Balance From Previous Month,2505044,NA,NA,NA,NA,20900,NA,NA,NA,NA,1000,NA,NA,NA,NA,286900,NA,NA,NA,NA,36300,NA,NA,NA,NA,125600,NA,NA,NA,NA,27500,NA,NA,NA,NA,404400,NA,NA,NA,NA,NA,NA,NA,NA,NA,17830,NA,NA,NA,NA,88200,NA,NA,NA,NA,91000,NA,NA,NA,NA,24600,NA,NA,NA,NA,180000,NA,NA,NA,NA,11461,NA,NA,NA,NA,65800,NA,NA,NA,NA,9200,NA,NA,NA,NA,238991,NA,NA,NA,NA,25400,NA,NA,NA,NA,68000,NA,NA,NA,NA,74000,NA,NA,NA,NA,11600,NA,NA,NA,NA,204762,NA,NA,NA,NA,299080,NA,NA,NA,NA,27400,NA,NA,NA,NA,60900,NA,NA,NA,NA,2420,NA,NA,NA,NA,101800,NA,NA,NA,NA
M20 [Syringes],20.2',Syringes - 0.5 ml (AD),2. Stocks Received,112000,NA,NA,NA,NA,0,NA,NA,NA,NA,0,NA,NA,NA,NA,NA,NA,NA,NA,NA,0,NA,NA,NA,NA,0,NA,NA,NA,NA,0,NA,NA,NA,NA,0,NA,NA,NA,NA,NA,NA,NA,NA,NA,0,NA,NA,NA,NA,0,NA,NA,NA,NA,0,NA,NA,NA,NA,0,NA,NA,NA,NA,0,NA,NA,NA,NA,0,NA,NA,NA,NA,0,NA,NA,NA,NA,26000,NA,NA,NA,NA,0,NA,NA,NA,NA,0,NA,NA,NA,NA,0,NA,NA,NA,NA,20000,NA,NA,NA,NA,0,NA,NA,NA,NA,26000,NA,NA,NA,NA,0,NA,NA,NA,NA,0,NA,NA,NA,NA,0,NA,NA,NA,NA,40000,NA,NA,NA,NA,0,NA,NA,NA,NA
M20 [Syringes],20.2',Syringes - 0.5 ml (AD),3. Unusable Stock,0,NA,NA,NA,NA,0,NA,NA,NA,NA,0,NA,NA,NA,NA,NA,NA,NA,NA,NA,0,NA,NA,NA,NA,0,NA,NA,NA,NA,0,NA,NA,NA,NA,0,NA,NA,NA,NA,NA,NA,NA,NA,NA,0,NA,NA,NA,NA,0,NA,NA,NA,NA,NA,NA,NA,NA,NA,0,NA,NA,NA,NA,0,NA,NA,NA,NA,NA,NA,NA,NA,NA,0,NA,NA,NA,NA,0,NA,NA,NA,NA,0,NA,NA,NA,NA,0,NA,NA,NA,NA,0,NA,NA,NA,NA,NA,NA,NA,NA,NA,0,NA,NA,NA,NA,NA,NA,NA,NA,NA,0,NA,NA,NA,NA,0,NA,NA,NA,NA,0,NA,NA,NA,NA,0,NA,NA,NA,NA,0,NA,NA,NA,NA
M20 [Syringes],20.2',Syringes - 0.5 ml (AD),4. Stock Distributed,349700,NA,NA,NA,NA,2200,NA,NA,NA,NA,1000,NA,NA,NA,NA,NA,NA,NA,NA,NA,35300,NA,NA,NA,NA,12000,NA,NA,NA,NA,4000,NA,NA,NA,NA,26000,NA,NA,NA,NA,NA,NA,NA,NA,NA,8000,NA,NA,NA,NA,2000,NA,NA,NA,NA,24000,NA,NA,NA,NA,2600,NA,NA,NA,NA,6000,NA,NA,NA,NA,6000,NA,NA,NA,NA,16000,NA,NA,NA,NA,28000,NA,NA,NA,NA,14000,NA,NA,NA,NA,4000,NA,NA,NA,NA,20000,NA,NA,NA,NA,34000,NA,NA,NA,NA,4000,NA,NA,NA,NA,34000,NA,NA,NA,NA,0,NA,NA,NA,NA,8400,NA,NA,NA,NA,46200,NA,NA,NA,NA,6000,NA,NA,NA,NA,6000,NA,NA,NA,NA
M20 [Syringes],20.2',Syringes - 0.5 ml (AD),5. Total Stock,2267344,NA,NA,NA,NA,18700,NA,NA,NA,NA,0,NA,NA,NA,NA,286900,NA,NA,NA,NA,1000,NA,NA,NA,NA,113600,NA,NA,NA,NA,23500,NA,NA,NA,NA,378400,NA,NA,NA,NA,NA,NA,NA,NA,NA,9830,NA,NA,NA,NA,86200,NA,NA,NA,NA,67000,NA,NA,NA,NA,22000,NA,NA,NA,NA,174000,NA,NA,NA,NA,5461,NA,NA,NA,NA,49800,NA,NA,NA,NA,7200,NA,NA,NA,NA,224991,NA,NA,NA,NA,21400,NA,NA,NA,NA,48000,NA,NA,NA,NA,60000,NA,NA,NA,NA,7600,NA,NA,NA,NA,196762,NA,NA,NA,NA,299080,NA,NA,NA,NA,19000,NA,NA,NA,NA,14700,NA,NA,NA,NA,36420,NA,NA,NA,NA,95800,NA,NA,NA,NA
M20 [Syringes],'20.3',Syringes - 5.0 ml (Disposable),1. Balance From Previous Month,1602152,NA,NA,NA,NA,95300,NA,NA,NA,NA,49500,NA,NA,NA,NA,29500,NA,NA,NA,NA,10580,NA,NA,NA,NA,2700,NA,NA,NA,NA,128020,NA,NA,NA,NA,5500,NA,NA,NA,NA,NA,NA,NA,NA,NA,114200,NA,NA,NA,NA,5840,NA,NA,NA,NA,12100,NA,NA,NA,NA,100,NA,NA,NA,NA,2400,NA,NA,NA,NA,2085,NA,NA,NA,NA,8890,NA,NA,NA,NA,5850,NA,NA,NA,NA,6021,NA,NA,NA,NA,2200,NA,NA,NA,NA,6100,NA,NA,NA,NA,343300,NA,NA,NA,NA,153150,NA,NA,NA,NA,374700,NA,NA,NA,NA,17876,NA,NA,NA,NA,216200,NA,NA,NA,NA,5440,NA,NA,NA,NA,800,NA,NA,NA,NA,3800,NA,NA,NA,NA
M20 [Syringes],20.3',Syringes - 5.0 ml (Disposable),2. Stocks Received,631600,NA,NA,NA,NA,4800,NA,NA,NA,NA,0,NA,NA,NA,NA,4800,NA,NA,NA,NA,0,NA,NA,NA,NA,0,NA,NA,NA,NA,4800,NA,NA,NA,NA,1800,NA,NA,NA,NA,NA,NA,NA,NA,NA,150000,NA,NA,NA,NA,0,NA,NA,NA,NA,0,NA,NA,NA,NA,4800,NA,NA,NA,NA,0,NA,NA,NA,NA,0,NA,NA,NA,NA,7200,NA,NA,NA,NA,7200,NA,NA,NA,NA,4800,NA,NA,NA,NA,4800,NA,NA,NA,NA,0,NA,NA,NA,NA,220000,NA,NA,NA,NA,0,NA,NA,NA,NA,204000,NA,NA,NA,NA,4800,NA,NA,NA,NA,0,NA,NA,NA,NA,1200,NA,NA,NA,NA,4800,NA,NA,NA,NA,1800,NA,NA,NA,NA
M20 [Syringes],20.3',Syringes - 5.0 ml (Disposable),3. Unusable Stock,0,NA,NA,NA,NA,0,NA,NA,NA,NA,0,NA,NA,NA,NA,NA,NA,NA,NA,NA,0,NA,NA,NA,NA,0,NA,NA,NA,NA,0,NA,NA,NA,NA,0,NA,NA,NA,NA,NA,NA,NA,NA,NA,0,NA,NA,NA,NA,0,NA,NA,NA,NA,NA,NA,NA,NA,NA,0,NA,NA,NA,NA,0,NA,NA,NA,NA,NA,NA,NA,NA,NA,0,NA,NA,NA,NA,0,NA,NA,NA,NA,0,NA,NA,NA,NA,0,NA,NA,NA,NA,0,NA,NA,NA,NA,NA,NA,NA,NA,NA,0,NA,NA,NA,NA,NA,NA,NA,NA,NA,0,NA,NA,NA,NA,0,NA,NA,NA,NA,0,NA,NA,NA,NA,0,NA,NA,NA,NA,0,NA,NA,NA,NA
M20 [Syringes],20.3',Syringes - 5.0 ml (Disposable),4. Stock Distributed,245320,NA,NA,NA,NA,14300,NA,NA,NA,NA,20700,NA,NA,NA,NA,1700,NA,NA,NA,NA,4450,NA,NA,NA,NA,1300,NA,NA,NA,NA,4200,NA,NA,NA,NA,1900,NA,NA,NA,NA,NA,NA,NA,NA,NA,18000,NA,NA,NA,NA,1400,NA,NA,NA,NA,3200,NA,NA,NA,NA,100,NA,NA,NA,NA,1000,NA,NA,NA,NA,1050,NA,NA,NA,NA,4050,NA,NA,NA,NA,3050,NA,NA,NA,NA,1520,NA,NA,NA,NA,3100,NA,NA,NA,NA,1400,NA,NA,NA,NA,30300,NA,NA,NA,NA,29200,NA,NA,NA,NA,70200,NA,NA,NA,NA,4200,NA,NA,NA,NA,19300,NA,NA,NA,NA,3100,NA,NA,NA,NA,2600,NA,NA,NA,NA,0,NA,NA,NA,NA
M20 [Syringes],20.3',Syringes - 5.0 ml (Disposable),5. Total Stock,1988432,NA,NA,NA,NA,85800,NA,NA,NA,NA,28800,NA,NA,NA,NA,32600,NA,NA,NA,NA,6130,NA,NA,NA,NA,1400,NA,NA,NA,NA,128620,NA,NA,NA,NA,5400,NA,NA,NA,NA,NA,NA,NA,NA,NA,246200,NA,NA,NA,NA,4440,NA,NA,NA,NA,8900,NA,NA,NA,NA,4800,NA,NA,NA,NA,1400,NA,NA,NA,NA,1035,NA,NA,NA,NA,12040,NA,NA,NA,NA,10000,NA,NA,NA,NA,9301,NA,NA,NA,NA,3900,NA,NA,NA,NA,4700,NA,NA,NA,NA,533000,NA,NA,NA,NA,123950,NA,NA,NA,NA,508500,NA,NA,NA,NA,18476,NA,NA,NA,NA,196900,NA,NA,NA,NA,3540,NA,NA,NA,NA,3000,NA,NA,NA,NA,5600,NA,NA,NA,NA
M21 [Rashtriya Bal Swasthaya Karyakram (RBSK)],'21.1',Number of newborn screened for defects at birth (as per RBSK),TOTAL,23664,NA,NA,NA,NA,8,NA,NA,NA,NA,611,NA,NA,NA,NA,1324,NA,NA,NA,NA,2335,NA,NA,NA,NA,556,NA,NA,NA,NA,892,NA,NA,NA,NA,1317,NA,NA,NA,NA,2548,NA,NA,NA,NA,2146,NA,NA,NA,NA,107,NA,NA,NA,NA,2095,NA,NA,NA,NA,879,NA,NA,NA,NA,320,NA,NA,NA,NA,477,NA,NA,NA,NA,357,NA,NA,NA,NA,1122,NA,NA,NA,NA,239,NA,NA,NA,NA,1031,NA,NA,NA,NA,1438,NA,NA,NA,NA,NA,NA,NA,NA,NA,850,NA,NA,NA,NA,NA,NA,NA,NA,NA,360,NA,NA,NA,NA,983,NA,NA,NA,NA,NA,NA,NA,NA,NA,943,NA,NA,NA,NA,726,NA,NA,NA,NA
M21 [Rashtriya Bal Swasthaya Karyakram (RBSK)],'21.2',Number of children (6 month to 6 years) screened by RBSK mobile health teams at Anganwadi center,TOTAL,375243,NA,NA,NA,NA,16802,NA,NA,NA,NA,27994,NA,NA,NA,NA,13307,NA,NA,NA,NA,26410,NA,NA,NA,NA,7056,NA,NA,NA,NA,13403,NA,NA,NA,NA,14363,NA,NA,NA,NA,29422,NA,NA,NA,NA,11382,NA,NA,NA,NA,4339,NA,NA,NA,NA,18972,NA,NA,NA,NA,9369,NA,NA,NA,NA,18541,NA,NA,NA,NA,10243,NA,NA,NA,NA,14320,NA,NA,NA,NA,32962,NA,NA,NA,NA,22945,NA,NA,NA,NA,18531,NA,NA,NA,NA,12857,NA,NA,NA,NA,NA,NA,NA,NA,NA,9159,NA,NA,NA,NA,12451,NA,NA,NA,NA,11616,NA,NA,NA,NA,10093,NA,NA,NA,NA,NA,NA,NA,NA,NA,4044,NA,NA,NA,NA,4662,NA,NA,NA,NA
M21 [Rashtriya Bal Swasthaya Karyakram (RBSK)],'21.3',Number of children (6 years to 18 years) screened by RBSK mobile health teams at Govt and Govt aided schools,TOTAL,59099,NA,NA,NA,NA,2707,NA,NA,NA,NA,1878,NA,NA,NA,NA,755,NA,NA,NA,NA,4201,NA,NA,NA,NA,1781,NA,NA,NA,NA,1302,NA,NA,NA,NA,2044,NA,NA,NA,NA,4918,NA,NA,NA,NA,676,NA,NA,NA,NA,417,NA,NA,NA,NA,3161,NA,NA,NA,NA,946,NA,NA,NA,NA,2530,NA,NA,NA,NA,1945,NA,NA,NA,NA,4354,NA,NA,NA,NA,6589,NA,NA,NA,NA,101,NA,NA,NA,NA,2476,NA,NA,NA,NA,1597,NA,NA,NA,NA,NA,NA,NA,NA,NA,804,NA,NA,NA,NA,1137,NA,NA,NA,NA,303,NA,NA,NA,NA,5227,NA,NA,NA,NA,NA,NA,NA,NA,NA,3191,NA,NA,NA,NA,4059,NA,NA,NA,NA
M21 [Rashtriya Bal Swasthaya Karyakram (RBSK)],'21.4.1.a',Number of Male children identified with Disease,TOTAL,5334,NA,NA,NA,NA,359,NA,NA,NA,NA,422,NA,NA,NA,NA,152,NA,NA,NA,NA,507,NA,NA,NA,NA,71,NA,NA,NA,NA,166,NA,NA,NA,NA,181,NA,NA,NA,NA,163,NA,NA,NA,NA,41,NA,NA,NA,NA,104,NA,NA,NA,NA,385,NA,NA,NA,NA,30,NA,NA,NA,NA,187,NA,NA,NA,NA,125,NA,NA,NA,NA,210,NA,NA,NA,NA,499,NA,NA,NA,NA,58,NA,NA,NA,NA,105,NA,NA,NA,NA,63,NA,NA,NA,NA,NA,NA,NA,NA,NA,326,NA,NA,NA,NA,674,NA,NA,NA,NA,108,NA,NA,NA,NA,161,NA,NA,NA,NA,NA,NA,NA,NA,NA,145,NA,NA,NA,NA,92,NA,NA,NA,NA
M21 [Rashtriya Bal Swasthaya Karyakram (RBSK)],'21.4.1.b',Number of Female children identified with Disease,TOTAL,5240,NA,NA,NA,NA,357,NA,NA,NA,NA,453,NA,NA,NA,NA,130,NA,NA,NA,NA,588,NA,NA,NA,NA,58,NA,NA,NA,NA,146,NA,NA,NA,NA,169,NA,NA,NA,NA,131,NA,NA,NA,NA,41,NA,NA,NA,NA,99,NA,NA,NA,NA,361,NA,NA,NA,NA,19,NA,NA,NA,NA,222,NA,NA,NA,NA,102,NA,NA,NA,NA,220,NA,NA,NA,NA,531,NA,NA,NA,NA,40,NA,NA,NA,NA,85,NA,NA,NA,NA,59,NA,NA,NA,NA,NA,NA,NA,NA,NA,303,NA,NA,NA,NA,704,NA,NA,NA,NA,97,NA,NA,NA,NA,158,NA,NA,NA,NA,NA,NA,NA,NA,NA,98,NA,NA,NA,NA,69,NA,NA,NA,NA
M21 [Rashtriya Bal Swasthaya Karyakram (RBSK)],'21.4.2.a',Number of Male children identified with Deficiency,TOTAL,633,NA,NA,NA,NA,35,NA,NA,NA,NA,68,NA,NA,NA,NA,3,NA,NA,NA,NA,80,NA,NA,NA,NA,1,NA,NA,NA,NA,10,NA,NA,NA,NA,2,NA,NA,NA,NA,39,NA,NA,NA,NA,11,NA,NA,NA,NA,0,NA,NA,NA,NA,34,NA,NA,NA,NA,20,NA,NA,NA,NA,9,NA,NA,NA,NA,16,NA,NA,NA,NA,35,NA,NA,NA,NA,26,NA,NA,NA,NA,0,NA,NA,NA,NA,7,NA,NA,NA,NA,2,NA,NA,NA,NA,NA,NA,NA,NA,NA,57,NA,NA,NA,NA,65,NA,NA,NA,NA,31,NA,NA,NA,NA,24,NA,NA,NA,NA,NA,NA,NA,NA,NA,30,NA,NA,NA,NA,28,NA,NA,NA,NA
M21 [Rashtriya Bal Swasthaya Karyakram (RBSK)],'21.4.2.b',Number of Female children identified with Deficiency,TOTAL,806,NA,NA,NA,NA,44,NA,NA,NA,NA,78,NA,NA,NA,NA,3,NA,NA,NA,NA,88,NA,NA,NA,NA,5,NA,NA,NA,NA,15,NA,NA,NA,NA,1,NA,NA,NA,NA,34,NA,NA,NA,NA,13,NA,NA,NA,NA,3,NA,NA,NA,NA,42,NA,NA,NA,NA,20,NA,NA,NA,NA,73,NA,NA,NA,NA,22,NA,NA,NA,NA,51,NA,NA,NA,NA,31,NA,NA,NA,NA,3,NA,NA,NA,NA,13,NA,NA,NA,NA,5,NA,NA,NA,NA,NA,NA,NA,NA,NA,40,NA,NA,NA,NA,83,NA,NA,NA,NA,32,NA,NA,NA,NA,52,NA,NA,NA,NA,NA,NA,NA,NA,NA,23,NA,NA,NA,NA,32,NA,NA,NA,NA
M21 [Rashtriya Bal Swasthaya Karyakram (RBSK)],'21.4.3.a',Number of Male children identified with Developmental delay,TOTAL,530,NA,NA,NA,NA,28,NA,NA,NA,NA,12,NA,NA,NA,NA,24,NA,NA,NA,NA,46,NA,NA,NA,NA,11,NA,NA,NA,NA,32,NA,NA,NA,NA,12,NA,NA,NA,NA,19,NA,NA,NA,NA,3,NA,NA,NA,NA,9,NA,NA,NA,NA,29,NA,NA,NA,NA,15,NA,NA,NA,NA,23,NA,NA,NA,NA,19,NA,NA,NA,NA,40,NA,NA,NA,NA,25,NA,NA,NA,NA,8,NA,NA,NA,NA,13,NA,NA,NA,NA,NA,NA,NA,NA,NA,NA,NA,NA,NA,NA,28,NA,NA,NA,NA,62,NA,NA,NA,NA,12,NA,NA,NA,NA,9,NA,NA,NA,NA,NA,NA,NA,NA,NA,37,NA,NA,NA,NA,14,NA,NA,NA,NA
M21 [Rashtriya Bal Swasthaya Karyakram (RBSK)],'21.4.3.b',Number of Female children identified with Developmental delay,TOTAL,515,NA,NA,NA,NA,38,NA,NA,NA,NA,9,NA,NA,NA,NA,23,NA,NA,NA,NA,64,NA,NA,NA,NA,5,NA,NA,NA,NA,13,NA,NA,NA,NA,11,NA,NA,NA,NA,18,NA,NA,NA,NA,14,NA,NA,NA,NA,21,NA,NA,NA,NA,34,NA,NA,NA,NA,9,NA,NA,NA,NA,15,NA,NA,NA,NA,11,NA,NA,NA,NA,36,NA,NA,NA,NA,26,NA,NA,NA,NA,12,NA,NA,NA,NA,7,NA,NA,NA,NA,7,NA,NA,NA,NA,NA,NA,NA,NA,NA,19,NA,NA,NA,NA,61,NA,NA,NA,NA,5,NA,NA,NA,NA,20,NA,NA,NA,NA,NA,NA,NA,NA,NA,28,NA,NA,NA,NA,9,NA,NA,NA,NA
M21 [Rashtriya Bal Swasthaya Karyakram (RBSK)],'21.5.1',Number of Children Managed by Intervention - Medical,TOTAL,11544,NA,NA,NA,NA,760,NA,NA,NA,NA,921,NA,NA,NA,NA,365,NA,NA,NA,NA,1164,NA,NA,NA,NA,96,NA,NA,NA,NA,293,NA,NA,NA,NA,371,NA,NA,NA,NA,345,NA,NA,NA,NA,70,NA,NA,NA,NA,265,NA,NA,NA,NA,851,NA,NA,NA,NA,87,NA,NA,NA,NA,524,NA,NA,NA,NA,245,NA,NA,NA,NA,475,NA,NA,NA,NA,851,NA,NA,NA,NA,60,NA,NA,NA,NA,154,NA,NA,NA,NA,161,NA,NA,NA,NA,NA,NA,NA,NA,NA,375,NA,NA,NA,NA,1765,NA,NA,NA,NA,369,NA,NA,NA,NA,376,NA,NA,NA,NA,NA,NA,NA,NA,NA,416,NA,NA,NA,NA,185,NA,NA,NA,NA
M21 [Rashtriya Bal Swasthaya Karyakram (RBSK)],'21.5.2',Number of Children Managed by Intervention - Surgical,TOTAL,45,NA,NA,NA,NA,0,NA,NA,NA,NA,0,NA,NA,NA,NA,1,NA,NA,NA,NA,13,NA,NA,NA,NA,9,NA,NA,NA,NA,0,NA,NA,NA,NA,0,NA,NA,NA,NA,0,NA,NA,NA,NA,2,NA,NA,NA,NA,0,NA,NA,NA,NA,0,NA,NA,NA,NA,0,NA,NA,NA,NA,0,NA,NA,NA,NA,1,NA,NA,NA,NA,0,NA,NA,NA,NA,0,NA,NA,NA,NA,0,NA,NA,NA,NA,16,NA,NA,NA,NA,0,NA,NA,NA,NA,NA,NA,NA,NA,NA,0,NA,NA,NA,NA,1,NA,NA,NA,NA,1,NA,NA,NA,NA,1,NA,NA,NA,NA,NA,NA,NA,NA,NA,0,NA,NA,NA,NA,0,NA,NA,NA,NA
M21 [Rashtriya Bal Swasthaya Karyakram (RBSK)],'21.5.3',Early intervention at DEIC ( District Early Intervention Centre),TOTAL,172,NA,NA,NA,NA,0,NA,NA,NA,NA,0,NA,NA,NA,NA,0,NA,NA,NA,NA,0,NA,NA,NA,NA,0,NA,NA,NA,NA,50,NA,NA,NA,NA,0,NA,NA,NA,NA,0,NA,NA,NA,NA,19,NA,NA,NA,NA,0,NA,NA,NA,NA,0,NA,NA,NA,NA,0,NA,NA,NA,NA,0,NA,NA,NA,NA,9,NA,NA,NA,NA,91,NA,NA,NA,NA,0,NA,NA,NA,NA,0,NA,NA,NA,NA,0,NA,NA,NA,NA,NA,NA,NA,NA,NA,NA,NA,NA,NA,NA,0,NA,NA,NA,NA,NA,NA,NA,NA,NA,0,NA,NA,NA,NA,0,NA,NA,NA,NA,NA,NA,NA,NA,NA,3,NA,NA,NA,NA,0,NA,NA,NA,NA
M22 [Adolscent Health],'22.1.1.a',Girls (6th -12th class) provided 4 IFA tablets in schools,TOTAL,572830,NA,NA,NA,NA,0,NA,NA,NA,NA,45228,NA,NA,NA,NA,24329,NA,NA,NA,NA,41369,NA,NA,NA,NA,6197,NA,NA,NA,NA,23239,NA,NA,NA,NA,22764,NA,NA,NA,NA,54072,NA,NA,NA,NA,21962,NA,NA,NA,NA,5043,NA,NA,NA,NA,30847,NA,NA,NA,NA,31832,NA,NA,NA,NA,11733,NA,NA,NA,NA,20365,NA,NA,NA,NA,12397,NA,NA,NA,NA,25097,NA,NA,NA,NA,4624,NA,NA,NA,NA,17643,NA,NA,NA,NA,24325,NA,NA,NA,NA,NA,NA,NA,NA,NA,8312,NA,NA,NA,NA,59986,NA,NA,NA,NA,18725,NA,NA,NA,NA,25444,NA,NA,NA,NA,NA,NA,NA,NA,NA,18574,NA,NA,NA,NA,18723,NA,NA,NA,NA
M22 [Adolscent Health],'22.1.1.b',Boys (6th -12th class) provided 4 IFA tablets in schools,TOTAL,548522,NA,NA,NA,NA,0,NA,NA,NA,NA,35675,NA,NA,NA,NA,24874,NA,NA,NA,NA,40107,NA,NA,NA,NA,6631,NA,NA,NA,NA,22116,NA,NA,NA,NA,22319,NA,NA,NA,NA,54153,NA,NA,NA,NA,20353,NA,NA,NA,NA,4880,NA,NA,NA,NA,26847,NA,NA,NA,NA,33566,NA,NA,NA,NA,11832,NA,NA,NA,NA,21456,NA,NA,NA,NA,12222,NA,NA,NA,NA,23906,NA,NA,NA,NA,4500,NA,NA,NA,NA,18181,NA,NA,NA,NA,24509,NA,NA,NA,NA,NA,NA,NA,NA,NA,9238,NA,NA,NA,NA,53441,NA,NA,NA,NA,16773,NA,NA,NA,NA,25113,NA,NA,NA,NA,NA,NA,NA,NA,NA,17484,NA,NA,NA,NA,18346,NA,NA,NA,NA
M22 [Adolscent Health],'22.1.2.a',Girls (6th -12th class) provided albendazole in schools,TOTAL,2323,NA,NA,NA,NA,0,NA,NA,NA,NA,0,NA,NA,NA,NA,0,NA,NA,NA,NA,0,NA,NA,NA,NA,2,NA,NA,NA,NA,0,NA,NA,NA,NA,0,NA,NA,NA,NA,0,NA,NA,NA,NA,0,NA,NA,NA,NA,0,NA,NA,NA,NA,NA,NA,NA,NA,NA,0,NA,NA,NA,NA,0,NA,NA,NA,NA,0,NA,NA,NA,NA,0,NA,NA,NA,NA,9,NA,NA,NA,NA,973,NA,NA,NA,NA,1339,NA,NA,NA,NA,NA,NA,NA,NA,NA,NA,NA,NA,NA,NA,0,NA,NA,NA,NA,NA,NA,NA,NA,NA,0,NA,NA,NA,NA,0,NA,NA,NA,NA,NA,NA,NA,NA,NA,0,NA,NA,NA,NA,0,NA,NA,NA,NA
M22 [Adolscent Health],'22.1.2.b',Boys (6th -12th class) provided albendazole in schools,TOTAL,2259,NA,NA,NA,NA,0,NA,NA,NA,NA,0,NA,NA,NA,NA,0,NA,NA,NA,NA,0,NA,NA,NA,NA,3,NA,NA,NA,NA,0,NA,NA,NA,NA,0,NA,NA,NA,NA,0,NA,NA,NA,NA,0,NA,NA,NA,NA,0,NA,NA,NA,NA,NA,NA,NA,NA,NA,0,NA,NA,NA,NA,0,NA,NA,NA,NA,0,NA,NA,NA,NA,0,NA,NA,NA,NA,7,NA,NA,NA,NA,924,NA,NA,NA,NA,1325,NA,NA,NA,NA,NA,NA,NA,NA,NA,NA,NA,NA,NA,NA,0,NA,NA,NA,NA,NA,NA,NA,NA,NA,0,NA,NA,NA,NA,0,NA,NA,NA,NA,NA,NA,NA,NA,NA,0,NA,NA,NA,NA,0,NA,NA,NA,NA
M22 [Adolscent Health],'22.1.3',Number of out of school adolscent girls (10-19 years) provided 4 IFA tablets at Anganwadi Centres,TOTAL,122187,NA,NA,NA,NA,0,NA,NA,NA,NA,2454,NA,NA,NA,NA,4128,NA,NA,NA,NA,20902,NA,NA,NA,NA,97,NA,NA,NA,NA,10027,NA,NA,NA,NA,1086,NA,NA,NA,NA,700,NA,NA,NA,NA,8454,NA,NA,NA,NA,872,NA,NA,NA,NA,4488,NA,NA,NA,NA,5770,NA,NA,NA,NA,2382,NA,NA,NA,NA,3956,NA,NA,NA,NA,2574,NA,NA,NA,NA,1671,NA,NA,NA,NA,13222,NA,NA,NA,NA,2554,NA,NA,NA,NA,8177,NA,NA,NA,NA,NA,NA,NA,NA,NA,1980,NA,NA,NA,NA,6342,NA,NA,NA,NA,1386,NA,NA,NA,NA,8213,NA,NA,NA,NA,NA,NA,NA,NA,NA,6329,NA,NA,NA,NA,4423,NA,NA,NA,NA
M22 [Adolscent Health],'22.1.4',Number of out of school adolscent girls (10-19 years) provided albendazole at Anganwadi Centres,TOTAL,100,NA,NA,NA,NA,0,NA,NA,NA,NA,0,NA,NA,NA,NA,0,NA,NA,NA,NA,0,NA,NA,NA,NA,0,NA,NA,NA,NA,0,NA,NA,NA,NA,0,NA,NA,NA,NA,0,NA,NA,NA,NA,0,NA,NA,NA,NA,0,NA,NA,NA,NA,NA,NA,NA,NA,NA,0,NA,NA,NA,NA,0,NA,NA,NA,NA,0,NA,NA,NA,NA,0,NA,NA,NA,NA,0,NA,NA,NA,NA,100,NA,NA,NA,NA,0,NA,NA,NA,NA,NA,NA,NA,NA,NA,NA,NA,NA,NA,NA,0,NA,NA,NA,NA,NA,NA,NA,NA,NA,0,NA,NA,NA,NA,0,NA,NA,NA,NA,NA,NA,NA,NA,NA,0,NA,NA,NA,NA,0,NA,NA,NA,NA
M22 [Adolscent Health],'22.2.1',Number of adolescent girls provided sanitary napkin packs,TOTAL,7404,NA,NA,NA,NA,0,NA,NA,NA,NA,923,NA,NA,NA,NA,0,NA,NA,NA,NA,878,NA,NA,NA,NA,1175,NA,NA,NA,NA,200,NA,NA,NA,NA,0,NA,NA,NA,NA,NA,NA,NA,NA,NA,656,NA,NA,NA,NA,0,NA,NA,NA,NA,NA,NA,NA,NA,NA,730,NA,NA,NA,NA,1628,NA,NA,NA,NA,549,NA,NA,NA,NA,0,NA,NA,NA,NA,45,NA,NA,NA,NA,620,NA,NA,NA,NA,0,NA,NA,NA,NA,NA,NA,NA,NA,NA,NA,NA,NA,NA,NA,0,NA,NA,NA,NA,NA,NA,NA,NA,NA,0,NA,NA,NA,NA,0,NA,NA,NA,NA,NA,NA,NA,NA,NA,0,NA,NA,NA,NA,0,NA,NA,NA,NA
M22 [Adolscent Health],'22.2.2',Number of sanitary napkin packs sold to adolescent girls,TOTAL,6184,NA,NA,NA,NA,0,NA,NA,NA,NA,1374,NA,NA,NA,NA,0,NA,NA,NA,NA,878,NA,NA,NA,NA,0,NA,NA,NA,NA,200,NA,NA,NA,NA,0,NA,NA,NA,NA,NA,NA,NA,NA,NA,656,NA,NA,NA,NA,0,NA,NA,NA,NA,NA,NA,NA,NA,NA,854,NA,NA,NA,NA,1628,NA,NA,NA,NA,549,NA,NA,NA,NA,0,NA,NA,NA,NA,45,NA,NA,NA,NA,0,NA,NA,NA,NA,0,NA,NA,NA,NA,NA,NA,NA,NA,NA,NA,NA,NA,NA,NA,0,NA,NA,NA,NA,NA,NA,NA,NA,NA,0,NA,NA,NA,NA,0,NA,NA,NA,NA,NA,NA,NA,NA,NA,0,NA,NA,NA,NA,0,NA,NA,NA,NA
M22 [Adolscent Health],'22.2.3',Number of sanitary napkin packs distributed free to ASHA,TOTAL,738,NA,NA,NA,NA,0,NA,NA,NA,NA,245,NA,NA,NA,NA,0,NA,NA,NA,NA,129,NA,NA,NA,NA,35,NA,NA,NA,NA,7,NA,NA,NA,NA,0,NA,NA,NA,NA,NA,NA,NA,NA,NA,6,NA,NA,NA,NA,0,NA,NA,NA,NA,NA,NA,NA,NA,NA,174,NA,NA,NA,NA,102,NA,NA,NA,NA,40,NA,NA,NA,NA,0,NA,NA,NA,NA,0,NA,NA,NA,NA,0,NA,NA,NA,NA,0,NA,NA,NA,NA,NA,NA,NA,NA,NA,NA,NA,NA,NA,NA,0,NA,NA,NA,NA,NA,NA,NA,NA,NA,0,NA,NA,NA,NA,0,NA,NA,NA,NA,NA,NA,NA,NA,NA,0,NA,NA,NA,NA,0,NA,NA,NA,NA
M22 [Adolscent Health],'22.2.4',Number of adolescent girls attended monthly meeting,TOTAL,1628,NA,NA,NA,NA,0,NA,NA,NA,NA,0,NA,NA,NA,NA,0,NA,NA,NA,NA,398,NA,NA,NA,NA,0,NA,NA,NA,NA,17,NA,NA,NA,NA,0,NA,NA,NA,NA,NA,NA,NA,NA,NA,0,NA,NA,NA,NA,0,NA,NA,NA,NA,NA,NA,NA,NA,NA,1111,NA,NA,NA,NA,2,NA,NA,NA,NA,68,NA,NA,NA,NA,23,NA,NA,NA,NA,0,NA,NA,NA,NA,0,NA,NA,NA,NA,9,NA,NA,NA,NA,NA,NA,NA,NA,NA,NA,NA,NA,NA,NA,0,NA,NA,NA,NA,NA,NA,NA,NA,NA,0,NA,NA,NA,NA,0,NA,NA,NA,NA,NA,NA,NA,NA,NA,0,NA,NA,NA,NA,0,NA,NA,NA,NA
M23 [Coverage under WIFS JUNIOR (Weekly Iron Folic Acid Supplementation Programme for children 6 - 1,'23.1',Number of children covered under WIFS JUNIOR (6 - 10 years ) provided 4-5 IFA tablets in schools,TOTAL,1250590,NA,NA,NA,NA,0,NA,NA,NA,NA,87859,NA,NA,NA,NA,49613,NA,NA,NA,NA,105594,NA,NA,NA,NA,6869,NA,NA,NA,NA,80364,NA,NA,NA,NA,45313,NA,NA,NA,NA,131855,NA,NA,NA,NA,42218,NA,NA,NA,NA,9413,NA,NA,NA,NA,83152,NA,NA,NA,NA,5706,NA,NA,NA,NA,39104,NA,NA,NA,NA,46564,NA,NA,NA,NA,16155,NA,NA,NA,NA,53956,NA,NA,NA,NA,9703,NA,NA,NA,NA,38291,NA,NA,NA,NA,42151,NA,NA,NA,NA,NA,NA,NA,NA,NA,13971,NA,NA,NA,NA,171002,NA,NA,NA,NA,24244,NA,NA,NA,NA,48143,NA,NA,NA,NA,NA,NA,NA,NA,NA,63051,NA,NA,NA,NA,36299,NA,NA,NA,NA
M23 [Coverage under WIFS JUNIOR (Weekly Iron Folic Acid Supplementation Programme for children 6 - 1,'23.2',Number of children (6 - 10 years) provided albendazole in schools,TOTAL,6222,NA,NA,NA,NA,0,NA,NA,NA,NA,0,NA,NA,NA,NA,0,NA,NA,NA,NA,0,NA,NA,NA,NA,77,NA,NA,NA,NA,0,NA,NA,NA,NA,0,NA,NA,NA,NA,0,NA,NA,NA,NA,0,NA,NA,NA,NA,0,NA,NA,NA,NA,NA,NA,NA,NA,NA,0,NA,NA,NA,NA,0,NA,NA,NA,NA,0,NA,NA,NA,NA,5590,NA,NA,NA,NA,0,NA,NA,NA,NA,453,NA,NA,NA,NA,102,NA,NA,NA,NA,NA,NA,NA,NA,NA,NA,NA,NA,NA,NA,0,NA,NA,NA,NA,NA,NA,NA,NA,NA,0,NA,NA,NA,NA,0,NA,NA,NA,NA,NA,NA,NA,NA,NA,0,NA,NA,NA,NA,0,NA,NA,NA,NA
M23 [Coverage under WIFS JUNIOR (Weekly Iron Folic Acid Supplementation Programme for children 6 - 1,'23.3',Number of out of school children (6-10 years) given 4-5 IFA tablets at Anganwadi Centres,TOTAL,41272,NA,NA,NA,NA,0,NA,NA,NA,NA,1092,NA,NA,NA,NA,1879,NA,NA,NA,NA,2761,NA,NA,NA,NA,34,NA,NA,NA,NA,506,NA,NA,NA,NA,0,NA,NA,NA,NA,803,NA,NA,NA,NA,0,NA,NA,NA,NA,0,NA,NA,NA,NA,NA,NA,NA,NA,NA,639,NA,NA,NA,NA,5896,NA,NA,NA,NA,0,NA,NA,NA,NA,1227,NA,NA,NA,NA,155,NA,NA,NA,NA,2379,NA,NA,NA,NA,146,NA,NA,NA,NA,NA,NA,NA,NA,NA,NA,NA,NA,NA,NA,0,NA,NA,NA,NA,22356,NA,NA,NA,NA,0,NA,NA,NA,NA,0,NA,NA,NA,NA,NA,NA,NA,NA,NA,1399,NA,NA,NA,NA,0,NA,NA,NA,NA
M23 [Coverage under WIFS JUNIOR (Weekly Iron Folic Acid Supplementation Programme for children 6 - 1,'23.4',Number of out of school children (6-10 years) provided albendazole at Anganwadi Centres,TOTAL,145,NA,NA,NA,NA,0,NA,NA,NA,NA,0,NA,NA,NA,NA,0,NA,NA,NA,NA,0,NA,NA,NA,NA,0,NA,NA,NA,NA,0,NA,NA,NA,NA,0,NA,NA,NA,NA,0,NA,NA,NA,NA,0,NA,NA,NA,NA,0,NA,NA,NA,NA,NA,NA,NA,NA,NA,0,NA,NA,NA,NA,0,NA,NA,NA,NA,0,NA,NA,NA,NA,0,NA,NA,NA,NA,0,NA,NA,NA,NA,145,NA,NA,NA,NA,0,NA,NA,NA,NA,NA,NA,NA,NA,NA,NA,NA,NA,NA,NA,0,NA,NA,NA,NA,NA,NA,NA,NA,NA,0,NA,NA,NA,NA,0,NA,NA,NA,NA,NA,NA,NA,NA,NA,0,NA,NA,NA,NA,0,NA,NA,NA,NA
M24 [Maternal Death Reviews (MDR) Done],'24.1',Total Maternal Deaths Reviewed (MDR) by CMO,TOTAL,74,NA,NA,NA,NA,1,NA,NA,NA,NA,0,NA,NA,NA,NA,NA,NA,NA,NA,NA,0,NA,NA,NA,NA,3,NA,NA,NA,NA,2,NA,NA,NA,NA,0,NA,NA,NA,NA,20,NA,NA,NA,NA,0,NA,NA,NA,NA,0,NA,NA,NA,NA,0,NA,NA,NA,NA,0,NA,NA,NA,NA,7,NA,NA,NA,NA,NA,NA,NA,NA,NA,9,NA,NA,NA,NA,1,NA,NA,NA,NA,0,NA,NA,NA,NA,6,NA,NA,NA,NA,3,NA,NA,NA,NA,NA,NA,NA,NA,NA,3,NA,NA,NA,NA,7,NA,NA,NA,NA,5,NA,NA,NA,NA,0,NA,NA,NA,NA,NA,NA,NA,NA,NA,1,NA,NA,NA,NA,6,NA,NA,NA,NA
M24 [Maternal Death Reviews (MDR) Done],'24.2',Total Maternal Deaths Reviewed (MDR) by DM,TOTAL,16,NA,NA,NA,NA,0,NA,NA,NA,NA,0,NA,NA,NA,NA,NA,NA,NA,NA,NA,0,NA,NA,NA,NA,0,NA,NA,NA,NA,0,NA,NA,NA,NA,0,NA,NA,NA,NA,NA,NA,NA,NA,NA,0,NA,NA,NA,NA,0,NA,NA,NA,NA,0,NA,NA,NA,NA,0,NA,NA,NA,NA,7,NA,NA,NA,NA,3,NA,NA,NA,NA,0,NA,NA,NA,NA,0,NA,NA,NA,NA,0,NA,NA,NA,NA,6,NA,NA,NA,NA,0,NA,NA,NA,NA,NA,NA,NA,NA,NA,0,NA,NA,NA,NA,0,NA,NA,NA,NA,0,NA,NA,NA,NA,0,NA,NA,NA,NA,NA,NA,NA,NA,NA,0,NA,NA,NA,NA,0,NA,NA,NA,NA
M24 [Maternal Death Reviews (MDR) Done],'24.3',Number of maternal deaths reported through Community based Maternal Death Review (CBMDR),TOTAL,73,NA,NA,NA,NA,1,NA,NA,NA,NA,2,NA,NA,NA,NA,3,NA,NA,NA,NA,10,NA,NA,NA,NA,0,NA,NA,NA,NA,2,NA,NA,NA,NA,0,NA,NA,NA,NA,20,NA,NA,NA,NA,0,NA,NA,NA,NA,0,NA,NA,NA,NA,0,NA,NA,NA,NA,0,NA,NA,NA,NA,9,NA,NA,NA,NA,NA,NA,NA,NA,NA,0,NA,NA,NA,NA,1,NA,NA,NA,NA,0,NA,NA,NA,NA,7,NA,NA,NA,NA,1,NA,NA,NA,NA,NA,NA,NA,NA,NA,3,NA,NA,NA,NA,7,NA,NA,NA,NA,0,NA,NA,NA,NA,0,NA,NA,NA,NA,NA,NA,NA,NA,NA,1,NA,NA,NA,NA,6,NA,NA,NA,NA
M25 [Janani Shishu Suraksha Karyakram (JSSK)],'25.1.1',Number of Pregnant Women provided - Free Medicines under JSSK,TOTAL,45958,NA,NA,NA,NA,964,NA,NA,NA,NA,2767,NA,NA,NA,NA,1203,NA,NA,NA,NA,3031,NA,NA,NA,NA,120,NA,NA,NA,NA,3655,NA,NA,NA,NA,1274,NA,NA,NA,NA,1024,NA,NA,NA,NA,2180,NA,NA,NA,NA,81,NA,NA,NA,NA,1234,NA,NA,NA,NA,2017,NA,NA,NA,NA,658,NA,NA,NA,NA,1203,NA,NA,NA,NA,1698,NA,NA,NA,NA,1516,NA,NA,NA,NA,1071,NA,NA,NA,NA,1907,NA,NA,NA,NA,983,NA,NA,NA,NA,NA,NA,NA,NA,NA,1287,NA,NA,NA,NA,10490,NA,NA,NA,NA,990,NA,NA,NA,NA,916,NA,NA,NA,NA,NA,NA,NA,NA,NA,2736,NA,NA,NA,NA,953,NA,NA,NA,NA
M25 [Janani Shishu Suraksha Karyakram (JSSK)],'25.1.2',Number of Pregnant Women provided - Free Diet under JSSK,TOTAL,27932,NA,NA,NA,NA,173,NA,NA,NA,NA,1314,NA,NA,NA,NA,473,NA,NA,NA,NA,6991,NA,NA,NA,NA,225,NA,NA,NA,NA,4032,NA,NA,NA,NA,759,NA,NA,NA,NA,980,NA,NA,NA,NA,1466,NA,NA,NA,NA,0,NA,NA,NA,NA,621,NA,NA,NA,NA,984,NA,NA,NA,NA,380,NA,NA,NA,NA,1164,NA,NA,NA,NA,698,NA,NA,NA,NA,488,NA,NA,NA,NA,974,NA,NA,NA,NA,430,NA,NA,NA,NA,691,NA,NA,NA,NA,NA,NA,NA,NA,NA,704,NA,NA,NA,NA,1556,NA,NA,NA,NA,400,NA,NA,NA,NA,898,NA,NA,NA,NA,NA,NA,NA,NA,NA,1343,NA,NA,NA,NA,188,NA,NA,NA,NA
M25 [Janani Shishu Suraksha Karyakram (JSSK)],'25.1.3',Number of Pregnant Women provided - Free Diagnostics under JSSK,TOTAL,43555,NA,NA,NA,NA,834,NA,NA,NA,NA,3181,NA,NA,NA,NA,1160,NA,NA,NA,NA,9696,NA,NA,NA,NA,121,NA,NA,NA,NA,6187,NA,NA,NA,NA,994,NA,NA,NA,NA,NA,NA,NA,NA,NA,2177,NA,NA,NA,NA,30,NA,NA,NA,NA,715,NA,NA,NA,NA,710,NA,NA,NA,NA,501,NA,NA,NA,NA,1210,NA,NA,NA,NA,1698,NA,NA,NA,NA,2169,NA,NA,NA,NA,1443,NA,NA,NA,NA,1907,NA,NA,NA,NA,953,NA,NA,NA,NA,NA,NA,NA,NA,NA,1055,NA,NA,NA,NA,1200,NA,NA,NA,NA,1953,NA,NA,NA,NA,791,NA,NA,NA,NA,NA,NA,NA,NA,NA,1780,NA,NA,NA,NA,1090,NA,NA,NA,NA
M25 [Janani Shishu Suraksha Karyakram (JSSK)],'25.1.4',Number of Pregnant Women provided - Free Home to facility transport under JSSK,TOTAL,4709,NA,NA,NA,NA,208,NA,NA,NA,NA,12,NA,NA,NA,NA,401,NA,NA,NA,NA,187,NA,NA,NA,NA,18,NA,NA,NA,NA,970,NA,NA,NA,NA,118,NA,NA,NA,NA,491,NA,NA,NA,NA,111,NA,NA,NA,NA,0,NA,NA,NA,NA,143,NA,NA,NA,NA,51,NA,NA,NA,NA,76,NA,NA,NA,NA,1,NA,NA,NA,NA,41,NA,NA,NA,NA,236,NA,NA,NA,NA,221,NA,NA,NA,NA,63,NA,NA,NA,NA,52,NA,NA,NA,NA,NA,NA,NA,NA,NA,24,NA,NA,NA,NA,864,NA,NA,NA,NA,16,NA,NA,NA,NA,30,NA,NA,NA,NA,NA,NA,NA,NA,NA,192,NA,NA,NA,NA,183,NA,NA,NA,NA
M25 [Janani Shishu Suraksha Karyakram (JSSK)],'25.1.5',Number of Pregnant Women provided - Interfacility transfers when needed under JSSK,TOTAL,1744,NA,NA,NA,NA,88,NA,NA,NA,NA,7,NA,NA,NA,NA,101,NA,NA,NA,NA,150,NA,NA,NA,NA,102,NA,NA,NA,NA,232,NA,NA,NA,NA,100,NA,NA,NA,NA,33,NA,NA,NA,NA,34,NA,NA,NA,NA,0,NA,NA,NA,NA,45,NA,NA,NA,NA,23,NA,NA,NA,NA,85,NA,NA,NA,NA,1,NA,NA,NA,NA,24,NA,NA,NA,NA,182,NA,NA,NA,NA,115,NA,NA,NA,NA,59,NA,NA,NA,NA,11,NA,NA,NA,NA,NA,NA,NA,NA,NA,14,NA,NA,NA,NA,199,NA,NA,NA,NA,23,NA,NA,NA,NA,20,NA,NA,NA,NA,NA,NA,NA,NA,NA,46,NA,NA,NA,NA,50,NA,NA,NA,NA
M25 [Janani Shishu Suraksha Karyakram (JSSK)],'25.1.6',Number of Pregnant Women provided - Free Drop Back home under JSSK,TOTAL,12603,NA,NA,NA,NA,306,NA,NA,NA,NA,770,NA,NA,NA,NA,287,NA,NA,NA,NA,891,NA,NA,NA,NA,5,NA,NA,NA,NA,693,NA,NA,NA,NA,475,NA,NA,NA,NA,514,NA,NA,NA,NA,567,NA,NA,NA,NA,0,NA,NA,NA,NA,967,NA,NA,NA,NA,131,NA,NA,NA,NA,397,NA,NA,NA,NA,564,NA,NA,NA,NA,936,NA,NA,NA,NA,837,NA,NA,NA,NA,313,NA,NA,NA,NA,166,NA,NA,NA,NA,510,NA,NA,NA,NA,NA,NA,NA,NA,NA,357,NA,NA,NA,NA,1552,NA,NA,NA,NA,475,NA,NA,NA,NA,409,NA,NA,NA,NA,NA,NA,NA,NA,NA,298,NA,NA,NA,NA,183,NA,NA,NA,NA
M25 [Janani Shishu Suraksha Karyakram (JSSK)],'25.2.1',Number of sick infants provided - Free Medicines under JSSK,TOTAL,7631,NA,NA,NA,NA,44,NA,NA,NA,NA,926,NA,NA,NA,NA,24,NA,NA,NA,NA,223,NA,NA,NA,NA,27,NA,NA,NA,NA,464,NA,NA,NA,NA,719,NA,NA,NA,NA,71,NA,NA,NA,NA,535,NA,NA,NA,NA,37,NA,NA,NA,NA,607,NA,NA,NA,NA,91,NA,NA,NA,NA,7,NA,NA,NA,NA,610,NA,NA,NA,NA,16,NA,NA,NA,NA,64,NA,NA,NA,NA,56,NA,NA,NA,NA,575,NA,NA,NA,NA,560,NA,NA,NA,NA,NA,NA,NA,NA,NA,290,NA,NA,NA,NA,493,NA,NA,NA,NA,165,NA,NA,NA,NA,185,NA,NA,NA,NA,NA,NA,NA,NA,NA,706,NA,NA,NA,NA,136,NA,NA,NA,NA
M25 [Janani Shishu Suraksha Karyakram (JSSK)],'25.2.2',Number of sick infants provided - Free Diagnostics under JSSK,TOTAL,6890,NA,NA,NA,NA,30,NA,NA,NA,NA,901,NA,NA,NA,NA,3,NA,NA,NA,NA,2115,NA,NA,NA,NA,0,NA,NA,NA,NA,40,NA,NA,NA,NA,640,NA,NA,NA,NA,33,NA,NA,NA,NA,526,NA,NA,NA,NA,0,NA,NA,NA,NA,599,NA,NA,NA,NA,1,NA,NA,NA,NA,0,NA,NA,NA,NA,611,NA,NA,NA,NA,0,NA,NA,NA,NA,55,NA,NA,NA,NA,101,NA,NA,NA,NA,5,NA,NA,NA,NA,558,NA,NA,NA,NA,NA,NA,NA,NA,NA,10,NA,NA,NA,NA,300,NA,NA,NA,NA,142,NA,NA,NA,NA,101,NA,NA,NA,NA,NA,NA,NA,NA,NA,100,NA,NA,NA,NA,19,NA,NA,NA,NA
M25 [Janani Shishu Suraksha Karyakram (JSSK)],'25.2.3',Number of sick infants provided - Free Home to facility transport under JSSK,TOTAL,46,NA,NA,NA,NA,0,NA,NA,NA,NA,10,NA,NA,NA,NA,1,NA,NA,NA,NA,0,NA,NA,NA,NA,2,NA,NA,NA,NA,2,NA,NA,NA,NA,NA,NA,NA,NA,NA,0,NA,NA,NA,NA,0,NA,NA,NA,NA,0,NA,NA,NA,NA,0,NA,NA,NA,NA,0,NA,NA,NA,NA,0,NA,NA,NA,NA,1,NA,NA,NA,NA,0,NA,NA,NA,NA,0,NA,NA,NA,NA,1,NA,NA,NA,NA,0,NA,NA,NA,NA,0,NA,NA,NA,NA,NA,NA,NA,NA,NA,10,NA,NA,NA,NA,4,NA,NA,NA,NA,0,NA,NA,NA,NA,0,NA,NA,NA,NA,NA,NA,NA,NA,NA,10,NA,NA,NA,NA,5,NA,NA,NA,NA
M25 [Janani Shishu Suraksha Karyakram (JSSK)],'25.2.4',Number of sick infants provided - Interfacility transfers when needed under JSSK,TOTAL,195,NA,NA,NA,NA,0,NA,NA,NA,NA,10,NA,NA,NA,NA,6,NA,NA,NA,NA,31,NA,NA,NA,NA,3,NA,NA,NA,NA,0,NA,NA,NA,NA,NA,NA,NA,NA,NA,4,NA,NA,NA,NA,8,NA,NA,NA,NA,0,NA,NA,NA,NA,0,NA,NA,NA,NA,9,NA,NA,NA,NA,44,NA,NA,NA,NA,1,NA,NA,NA,NA,0,NA,NA,NA,NA,17,NA,NA,NA,NA,0,NA,NA,NA,NA,7,NA,NA,NA,NA,0,NA,NA,NA,NA,NA,NA,NA,NA,NA,10,NA,NA,NA,NA,8,NA,NA,NA,NA,0,NA,NA,NA,NA,25,NA,NA,NA,NA,NA,NA,NA,NA,NA,7,NA,NA,NA,NA,5,NA,NA,NA,NA
M25 [Janani Shishu Suraksha Karyakram (JSSK)],'25.2.5',Number of sick infants provided - Free Drop Back home under JSSK,TOTAL,2568,NA,NA,NA,NA,0,NA,NA,NA,NA,160,NA,NA,NA,NA,3,NA,NA,NA,NA,0,NA,NA,NA,NA,1,NA,NA,NA,NA,13,NA,NA,NA,NA,300,NA,NA,NA,NA,0,NA,NA,NA,NA,9,NA,NA,NA,NA,0,NA,NA,NA,NA,0,NA,NA,NA,NA,0,NA,NA,NA,NA,286,NA,NA,NA,NA,578,NA,NA,NA,NA,0,NA,NA,NA,NA,27,NA,NA,NA,NA,35,NA,NA,NA,NA,0,NA,NA,NA,NA,375,NA,NA,NA,NA,NA,NA,NA,NA,NA,9,NA,NA,NA,NA,1,NA,NA,NA,NA,431,NA,NA,NA,NA,295,NA,NA,NA,NA,NA,NA,NA,NA,NA,10,NA,NA,NA,NA,35,NA,NA,NA,NA
