Indicator,S.No.,Parameters,Type,District - _Maharashtra,District - Ahmednagar,District - Akola,District - Amravati,District - Aurangabad,District - Bhandara,District - Bid,District - Brihan Mumbai,District - Buldana,District - Chandrapur,District - Dhule,District - Gadchiroli,District - Gondiya,District - Hingoli,District - Jalgaon,District - Jalna,District - Kolhapur,District - Latur,District - Nagpur,District - Nanded,District - Nandurbar,District - Nashik,District - Osmanabad,District - Palghar,District - Parbhani,District - Pune,District - Raigarh,District - Ratnagiri,District - Sangli,District - Satara,District - Sindhudurg,District - Solapur,District - Thane,District - Wardha,District - Washim,District - Yavatmal
M1 [Ante Natal Care Services ANC],1.1,Total number of pregnant women Registered for ANC,TOTAL,195111,7120,3098,4060,8516,1721,4409,18150,4397,3029,4077,1899,1831,1906,8157,4201,6404,4244,9073,5822,3438,10702,2751,5978,3698,19702,3323,2014,4669,4377,819,9066,14364,1847,1794,4455
M1 [Ante Natal Care Services ANC],1.1.1,Of which Number registered within first trimester (within 12 weeks),TOTAL,130521,5239,2381,3224,5883,1593,3053,11532,3697,2608,2988,1504,1584,1511,5620,3117,4772,3469,4604,5027,1802,6288,2185,3141,3136,11760,1962,1476,3613,3050,699,4771,6855,1566,1486,3325
M1 [Ante Natal Care Services ANC],1.2,Number of Pregnant women registered under JSY,TOTAL,55894,2083,1125,2241,1166,832,1142,611,1856,1661,2262,1447,1184,872,3010,1090,1263,1315,1794,1956,2971,5452,959,2602,1114,2437,873,378,829,770,185,1884,2651,688,908,2283
M1 [Ante Natal Care Services ANC],1.3,Number of pregnant women received 3 ANC check ups during pregnancy,TOTAL,146874,5667,2489,3455,6510,1701,3799,10166,3782,3123,3478,1929,1971,1801,5693,3638,5020,3973,5943,4989,2601,7918,2408,4204,2770,12285,2521,1515,4053,3792,573,6484,9776,1492,1648,3707
M1 [Ante Natal Care Services ANC],1.4.1,Number of pregnant women given TT1 during current pregnancy,TOTAL,120852,4730,2094,2489,6079,1289,2405,9966,3159,2192,2207,1254,1230,1186,4776,3392,3944,2192,5336,3234,2029,7248,1519,3730,2607,9236,2497,1515,3743,3383,510,5630,8730,1380,1219,2722
M1 [Ante Natal Care Services ANC],1.4.2,Number of pregnant women given TT2 or Booster during current pregnancy,TOTAL,159774,6135,2729,3622,7914,1566,3612,19382,3917,2615,4019,1695,1470,1709,6851,3729,5230,4215,5351,4966,2872,9220,2437,4774,3007,11040,2681,1633,4179,4096,634,5614,10124,1669,1498,3569
M1 [Ante Natal Care Services ANC],1.5,Total number of pregnant women given 100 IFA tablets,TOTAL,120025,5509,1957,1961,4791,778,1809,15639,3328,1369,2260,662,1270,1090,3561,3393,4506,2409,5098,3099,1902,7135,1565,5158,1017,10433,2411,1221,2063,2703,184,5818,9696,571,1047,2612
M1 [Ante Natal Care Services ANC],1.6.1,Number of new cases of Hypertension (BP>140/90) detected in Pregnant women at the institution,TOTAL,2397,84,93,144,43,16,34,348,11,47,23,18,45,24,57,9,30,72,216,17,59,52,13,46,40,440,29,10,48,18,10,59,155,16,22,49
M1 [Ante Natal Care Services ANC],1.6.2,Number of Eclampsia cases managed during delivery,TOTAL,412,2,8,21,1,0,12,57,16,9,0,12,4,0,4,8,0,0,21,17,23,27,2,7,26,54,4,1,0,6,0,38,19,6,1,6
M1 [Ante Natal Care Services ANC],1.7.1,Number of Pregnant women with anaemia i.e. Hb level<11 (tested cases),TOTAL,143782,6012,4288,4877,4702,1961,2975,4150,2682,2702,2614,1909,1826,1620,6492,3019,5767,3636,7343,5202,3417,8962,2211,6204,3063,9933,2554,1978,4657,4299,738,7015,8120,1722,1352,3780
M1 [Ante Natal Care Services ANC],1.7.2,Number of Pregnant women having severe anaemia (Hb<7) treated at institution,TOTAL,2441,39,96,109,67,1,53,91,16,29,30,4,15,141,21,23,21,53,91,542,44,59,5,66,133,140,1,13,67,45,3,56,215,45,3,104
M1 [Ante Natal Care Services ANC],1.8,Number of pregnancy test kits used at SC level,TOTAL,41382,2009,1039,1172,1249,915,487,NA,1003,1627,790,1584,1140,457,1873,1436,2350,1854,1116,1021,1272,1725,833,748,613,1454,481,540,1610,2927,694,1571,504,1185,289,1814
M2 [Deliveries],2.1.1.a,Number of deliveries conducted at Home and attended by trained SBA(i.e. Doctor or Nurse or ANM),TOTAL,1291,35,21,80,30,0,12,29,46,14,141,106,1,22,164,5,0,7,6,11,253,134,1,57,1,8,80,3,0,1,0,5,6,2,7,3
M2 [Deliveries],2.1.1.b,Number of deliveries conducted at Home and attended by non trained SBA (i.e. trained TBA or Relatives etc.),TOTAL,776,4,1,60,14,1,4,68,1,1,15,15,0,11,4,1,0,1,4,4,329,112,2,62,0,4,21,0,1,0,1,4,21,0,7,3
M2 [Deliveries],2.1.1.c,Total number of deliveries conducted at Home and attended by trained or non-trained SBA (i.e. sum of 2.1.1.a and 2.1.1.b),TOTAL,2067,39,22,140,44,1,16,97,47,15,156,121,1,33,168,6,0,8,10,15,582,246,3,119,1,12,101,3,1,1,1,9,27,2,14,6
M2 [Deliveries],2.1.2,Number of newborns visited within 24 hours of delivery for deliveries conducted at home,TOTAL,1703,31,21,126,34,0,13,NA,47,15,149,117,1,32,141,6,0,8,8,15,449,223,3,111,1,9,86,3,0,1,1,7,26,1,14,4
M2 [Deliveries],2.1.3,Number of mothers paid JSY incentive for deliveries conducted at home,TOTAL,1307,24,2,106,18,0,6,NA,12,3,118,32,2,0,80,2,0,1,1,3,530,182,0,97,2,2,40,1,2,0,0,0,36,1,0,4
M2 [Deliveries],2.2,Deliveries conducted at Public Institutions (Including C-Sections),TOTAL,76324,2348,1961,2279,3402,1287,2634,6871,1665,1405,2049,1102,1301,955,2278,1751,1995,2270,2906,3797,1830,4983,1466,2222,1601,4427,1149,594,1555,1392,422,2432,4142,934,810,2109
M2 [Deliveries],2.2.1,"Out of 2.2, Number discharged under 48 hours of delivery",TOTAL,22886,501,1258,343,1595,6,226,1297,394,120,1567,258,486,743,1020,930,138,669,677,740,962,2214,127,1303,1042,637,425,110,4,1,24,823,1422,22,216,586
M2 [Deliveries],2.2.2.a,Number of mothers paid JSY Incentive for deliveries conducted at Public Institutions,TOTAL,22415,645,394,1092,442,583,568,611,737,531,675,545,756,311,756,227,417,633,1674,1015,648,1801,524,1439,269,997,346,145,423,223,123,455,930,158,443,879
M2 [Deliveries],2.2.2.b,Number of ASHAs paid JSY Incentive for deliveries conducted at Public Institutions,TOTAL,16238,903,284,676,496,764,366,NA,437,430,546,265,685,152,759,58,526,493,557,434,812,1234,370,919,176,743,121,138,273,498,75,610,317,101,363,657
M2 [Deliveries],2.2.2.c,Number of cases of deliveries conducted at Public Institutions where JSY incentive was paid to ANMs or AWWs [only for High Performing States (HPS)],TOTAL,0,NA,NA,NA,NA,NA,NA,NA,0,0,NA,0,NA,0,NA,0,NA,NA,0,0,0,NA,NA,NA,0,NA,0,NA,NA,NA,NA,NA,NA,NA,NA,0
M2 [Deliveries],2.3,Deliveries conducted at Private Institutions (Including C-Sections),TOTAL,60091,3986,782,1222,2832,244,766,6327,1772,695,1027,35,154,302,3344,1063,2257,1268,1257,1788,196,2833,593,769,660,6329,1159,996,2227,2010,258,3417,4186,877,868,1592
M2 [Deliveries],2.3.1.a,Number of mothers paid JSY Incentive for deliveries conducted at accredited Private Institutions,TOTAL,4563,359,104,123,98,12,199,NA,202,28,151,0,9,86,280,72,242,230,91,91,33,164,50,166,113,103,26,84,203,158,1,250,293,145,108,289
M2 [Deliveries],2.3.1.b,Number of ASHAs paid JSY Incentive for deliveries conducted at accredited Private Institutions,TOTAL,1011,77,0,4,25,19,35,NA,2,13,22,0,0,1,59,1,51,29,11,2,57,95,14,78,5,14,12,47,0,84,21,55,21,99,14,44
M2 [Deliveries],2.3.1.c,Number of cases of deliveries conducted at accredited Private Institutions where JSY incentive was paid to ANMs or AWWs [only for High Performing States (HPS)],TOTAL,NA,NA,NA,NA,NA,NA,NA,NA,NA,NA,NA,NA,NA,NA,NA,NA,NA,NA,NA,NA,NA,NA,NA,NA,NA,NA,NA,NA,NA,NA,NA,NA,NA,NA,NA,NA
M3 [Number of Caesarean C-Section deliveries performed at],3.1.1,Number of Caesarean (C-Section) deliveries performed at PHCs (Primary Health Centre),TOTAL,0,NA,NA,NA,NA,NA,NA,NA,NA,NA,NA,NA,NA,NA,NA,NA,NA,NA,NA,NA,NA,NA,NA,NA,NA,NA,0,NA,NA,NA,NA,NA,NA,NA,NA,0
M3 [Number of Caesarean C-Section deliveries performed at],3.1.2,Number of Caesarean (C-Section) deliveries performed at CHCs (Community Health Centre),TOTAL,534,15,0,37,2,5,20,NA,1,2,1,0,6,0,0,0,43,221,5,4,0,2,16,0,0,30,57,7,6,16,14,1,0,0,0,23
M3 [Number of Caesarean C-Section deliveries performed at],3.1.3,Number of Caesarean (C-Section) deliveries performed at SDHs (Sub-divisional Hospital) or DHs (District Hospital),TOTAL,10347,286,782,369,92,378,348,1757,62,173,1,124,206,71,161,45,297,59,863,134,104,469,106,124,156,936,119,116,250,186,106,201,439,67,0,760
M3 [Number of Caesarean C-Section deliveries performed at],3.1.4,Number of Caesarean (C-Section) deliveries performed at other State owned public institutions,TOTAL,NA,NA,NA,NA,NA,NA,NA,NA,NA,NA,NA,NA,NA,NA,NA,NA,NA,NA,NA,NA,NA,NA,NA,NA,NA,NA,NA,NA,NA,NA,NA,NA,NA,NA,NA,NA
M3 [Number of Caesarean C-Section deliveries performed at],3.1.5,"Total Number of Caesarean (C-Section) deliveries performed at Public facilities i.e. PHC, CHC, SDH, DH and other State owned public institutions (sum of items from 3.1.1 to 3.1.4)",TOTAL,10881,301,782,406,94,383,368,1757,63,175,2,124,212,71,161,45,340,280,868,138,104,471,122,124,156,966,176,123,256,202,120,202,439,67,0,783
M3 [Number of Caesarean C-Section deliveries performed at],3.2,No. of C-section deliveries performed at Private facilities,TOTAL,13506,319,364,554,220,157,171,2759,89,259,11,0,112,24,500,270,694,408,370,442,0,519,175,318,102,1531,206,35,367,413,41,446,1012,151,54,413
M4 [Pregnancy outcome & weight of new-born],4.1.1.a,Number of male live births,TOTAL,71694,3378,1410,1860,3286,802,1793,6760,1807,1098,1708,655,740,657,3107,1487,2266,1943,2156,2735,1334,4217,1061,1612,1197,5598,1212,806,1967,1801,361,3074,4263,745,897,1901
M4 [Pregnancy outcome & weight of new-born],4.1.1.b,Number of female live births,TOTAL,65456,2949,1322,1751,2891,714,1610,6326,1682,990,1513,588,691,616,2719,1300,1933,1598,1991,2839,1243,3885,986,1493,1059,5073,1177,768,1800,1586,318,2762,4026,706,782,1769
M4 [Pregnancy outcome & weight of new-born],4.1.1.c,Total number of male and female live births (4.1.1.a and 4.1.1.b),TOTAL,137150,6327,2732,3611,6177,1516,3403,13086,3489,2088,3221,1243,1431,1273,5826,2787,4199,3541,4147,5574,2577,8102,2047,3105,2256,10671,2389,1574,3767,3387,679,5836,8289,1451,1679,3670
M4 [Pregnancy outcome & weight of new-born],4.1.2,Number of still births,TOTAL,1709,54,49,66,118,26,29,257,33,40,19,8,40,22,39,53,57,18,83,39,40,100,26,30,12,134,31,25,30,33,9,24,91,4,21,49
M4 [Pregnancy outcome & weight of new-born],4.1.3,Number of Abortions (spontaneous or induced),TOTAL,20754,899,170,732,762,74,418,4910,124,154,162,154,126,80,406,101,297,278,416,262,85,346,213,381,73,4149,1042,277,263,984,210,342,1452,273,8,131
M4 [Pregnancy outcome & weight of new-born],4.2.1,Number of Newborns weighed at birth,TOTAL,135502,6293,2697,3600,6092,1510,3378,13003,3432,2076,3199,1124,1431,1269,5278,2787,4199,3530,4077,5546,2524,7871,2022,3112,2217,10556,2384,1553,3765,3386,674,5701,8468,1446,1663,3639
M4 [Pregnancy outcome & weight of new-born],4.2.2,Number of Newborns having weight less than 2.5 kg,TOTAL,21033,398,372,665,1332,362,202,3117,233,361,803,368,213,124,520,220,684,136,836,797,396,1185,148,494,159,1438,262,219,450,366,145,730,1730,245,388,935
M4 [Pregnancy outcome & weight of new-born],4.3,Number of Newborns breast fed within 1 hour of birth,TOTAL,122209,6225,2703,3571,6107,1513,3378,3097,3284,1944,3195,1231,1344,1268,5628,2787,4198,3511,2963,5518,2399,7508,2041,2978,2248,10521,2382,1307,3763,3386,671,5629,7303,1331,1658,3619
M5 [Complicated pregnanices],5.1.1,Number of cases of pregnant women with Obstetric Complications and attended at PHCs,TOTAL,548,7,8,62,91,0,0,NA,17,5,9,9,5,23,10,15,20,2,18,10,46,18,0,24,28,50,25,5,2,2,1,13,22,1,0,0
M5 [Complicated pregnanices],5.1.2,Number of cases of pregnant women with Obstetric Complications and attended at CHCs,TOTAL,1250,10,10,30,26,3,191,NA,25,23,18,7,64,2,76,23,6,89,48,74,53,38,20,71,33,44,38,8,8,0,8,36,31,22,12,103
M5 [Complicated pregnanices],5.1.3,Number of cases of pregnant women with Obstetric Complications and attended at SDHs or DHs,TOTAL,9415,116,744,188,183,374,242,133,152,221,0,208,155,54,188,167,14,95,1060,509,45,304,196,263,209,1708,42,76,25,39,177,256,1178,30,12,52
M5 [Complicated pregnanices],5.1.4,Number of cases of pregnant women with Obstetric Complications and attended at other State owned public institutions,TOTAL,NA,NA,NA,NA,NA,NA,NA,NA,NA,NA,NA,NA,NA,NA,NA,NA,NA,NA,NA,NA,NA,NA,NA,NA,NA,NA,NA,NA,NA,NA,NA,NA,NA,NA,NA,NA
M5 [Complicated pregnanices],5.1.5,"Number of cases of pregnant women with Obstetric Complications and attended at Public facilities i.e. PHC, CHC, SDH, DH and other State owned public institutions (sum of items from 5.1.1 to 5.1.4)",TOTAL,11213,133,762,280,300,377,433,133,194,249,27,224,224,79,274,205,40,186,1126,593,144,360,216,358,270,1802,105,89,35,41,186,305,1231,53,24,155
M5 [Complicated pregnanices],5.2,Number of cases of pregnant women with Obstetric Complications and attended at Private facilities,TOTAL,3216,128,37,0,321,157,0,424,46,61,0,2,0,0,320,0,1,2,260,3,7,121,169,0,42,316,13,2,106,11,41,223,269,46,0,88
M5 [Complicated pregnanices],5.3.1,Number of cases of complicated pregnancies treated with IV antibiotics,TOTAL,9380,184,788,153,107,355,166,408,152,291,18,520,158,16,134,165,19,158,942,338,119,197,194,105,240,1454,35,62,33,42,133,215,539,42,15,883
M5 [Complicated pregnanices],5.3.2,Number of cases of complicated pregnancies treated with IV Antihypertensive/Magsulph injection,TOTAL,1717,13,84,60,39,77,21,85,15,77,0,34,4,7,31,22,2,19,61,37,27,86,18,7,26,287,12,10,8,7,3,58,461,6,3,10
M5 [Complicated pregnanices],5.3.3,Number of cases of complicated pregnancies treated with IV Oxytocis,TOTAL,7204,189,86,111,205,380,190,541,120,106,0,379,175,50,172,170,19,94,516,218,98,218,88,235,249,780,32,50,30,42,50,473,606,32,6,494
M5 [Complicated pregnanices],5.3.4,Number of cases of complicated pregnancies treated with Blood Transfusion,TOTAL,2330,45,153,170,4,107,45,121,53,43,0,52,81,6,72,8,1,17,154,123,36,67,51,65,145,367,41,5,16,9,44,7,195,18,0,9
M6 [Post - Natal Care],6.1,Women getting post partum check-up within 48 hours after delivery,TOTAL,67996,3104,1926,2233,3498,667,1893,35,3055,1787,2534,1066,968,736,3602,2300,2268,1637,1411,3480,1910,4291,1309,2261,1827,4515,1527,690,1643,565,425,2594,3063,487,893,1796
M6 [Post - Natal Care],6.2,Women getting a post partum check up between 48 hours and 14 days after delivery,TOTAL,41330,3342,484,1176,1375,633,1523,2449,761,1099,755,805,678,289,2018,738,1042,1091,1865,2612,548,1429,482,339,239,4619,527,540,707,1508,333,1661,1366,447,733,1117
M6 [Post - Natal Care],6.3,PNC maternal complications attended,TOTAL,2230,3,224,21,26,16,6,286,55,10,9,14,38,12,1,8,4,44,531,100,12,406,17,5,3,207,2,18,11,5,5,3,85,12,0,31
M7 [Medical Termination of Pregnancy (MTP)],7.1.1,Number of MTPs conducted at Public Institutions up to 12 weeks of pregnancy,TOTAL,7492,193,72,54,64,49,396,4542,28,29,85,11,25,6,21,27,71,19,111,18,26,244,49,10,44,500,81,48,47,67,66,129,319,41,0,0
M7 [Medical Termination of Pregnancy (MTP)],7.1.2,Number of MTPs conducted at Public Institutions for more than 12 weeks of pregnancy,TOTAL,254,2,5,2,1,1,15,117,0,3,0,2,0,0,7,0,4,0,3,2,2,0,1,0,0,37,0,5,6,5,3,4,26,1,0,0
M7 [Medical Termination of Pregnancy (MTP)],7.1.3,Total number of MTPs conducted at Public Institutions (sum of items 7.1.1 and 7.1.2),TOTAL,7746,195,77,56,65,50,411,4659,28,32,85,13,25,6,28,27,75,19,114,20,28,244,50,10,44,537,81,53,53,72,69,133,345,42,0,0
M7 [Medical Termination of Pregnancy (MTP)],7.2,Number of MTPs conducted at Private Facilities,TOTAL,10950,508,11,585,626,12,0,NA,56,76,71,67,86,52,306,53,251,228,255,226,4,68,334,311,29,3025,934,191,146,809,100,157,1017,230,0,126
M8 [RTI/STI Cases],8.1.a,Number of new cases of RTI/STI in males for which treatment was initiated,TOTAL,6035,132,178,81,279,122,290,182,324,369,81,599,24,25,70,263,116,80,269,143,57,221,119,38,120,496,53,189,128,109,23,320,70,128,258,79
M8 [RTI/STI Cases],8.1.b,Number of new cases of RTI/STI in females for which treatment was initiated,TOTAL,13819,371,707,202,793,116,607,908,564,589,81,673,25,55,410,487,219,152,598,335,89,539,126,48,301,2363,308,343,162,255,49,488,254,250,261,91
M8 [RTI/STI Cases],8.1.c,Total number of new cases of RTI/STI in males and females for which treatment was initiated (sum of items 8.1.a and 8.1.b),TOTAL,19854,503,885,283,1072,238,897,1090,888,958,162,1272,49,80,480,750,335,232,867,478,146,760,245,86,421,2859,361,532,290,364,72,808,324,378,519,170
M8 [RTI/STI Cases],8.2,Number of suspected RTI/STI cases for whom wet mount test was conducted,TOTAL,40,0,0,0,0,0,0,NA,0,0,0,0,0,0,0,0,0,0,0,2,0,0,0,0,0,0,0,0,0,0,0,38,0,0,0,0
M9 [Family Planning],9.1.1.a,Number of NSV (No Scalpel Vasectomy) or Conventional Vasectomy conducted at PHCs,TOTAL,829,4,54,61,4,71,6,NA,3,21,54,77,44,7,2,0,155,3,34,11,109,22,1,47,0,5,0,3,0,10,7,0,0,11,0,3
M9 [Family Planning],9.1.1.b,Number of NSV or Conventional Vasectomy conducted at CHCs,TOTAL,56,0,0,3,0,11,0,NA,0,3,0,11,14,0,10,0,0,0,2,1,0,0,0,0,0,0,0,0,0,1,0,0,0,0,0,0
M9 [Family Planning],9.1.1.c,Number of NSV or Conventional Vasectomy conducted at SDHs or DHs,TOTAL,57,2,0,1,0,5,1,13,1,10,0,3,1,0,0,0,0,0,4,0,0,0,0,2,0,11,0,0,0,0,0,0,2,0,1,0
M9 [Family Planning],9.1.1.d,Number of NSV or Conventional Vasectomy conducted at other State owned public institutions,TOTAL,NA,NA,NA,NA,NA,NA,NA,NA,NA,NA,NA,NA,NA,NA,NA,NA,NA,NA,NA,NA,NA,NA,NA,NA,NA,NA,NA,NA,NA,NA,NA,NA,NA,NA,NA,NA
M9 [Family Planning],9.1.1.e,"Total Number of NSV or Conventional Vasectomy conducted at Public facilities i.e. PHC, CHC, SDH, DH and other State owned public institutions (sum of items from 9.1.1.a to 9.1.1.d)",TOTAL,942,6,54,65,4,87,7,13,4,34,54,91,59,7,12,0,155,3,40,12,109,22,1,49,0,16,0,3,0,11,7,0,2,11,1,3
M9 [Family Planning],9.1.2,Number of NSV or Conventional Vasectomy conducted at Private facilities,TOTAL,9,0,2,0,0,0,0,NA,0,0,0,0,0,0,0,0,0,0,0,0,0,0,0,0,0,5,0,0,0,0,0,1,1,0,0,0
M9 [Family Planning],9.2.1.a,Number of Laparoscopic sterilizations conducted at PHCs,TOTAL,4888,850,0,0,0,0,778,NA,10,0,0,0,0,0,0,0,321,175,0,90,0,0,76,612,0,847,16,9,33,538,0,454,79,0,0,0
M9 [Family Planning],9.2.1.b,Number of Laparoscopic sterilizations conducted at CHCs,TOTAL,1088,0,0,0,0,0,190,NA,0,0,0,0,0,0,0,0,296,0,0,0,0,0,54,12,0,5,27,119,44,53,20,166,0,102,0,0
M9 [Family Planning],9.2.1.c,Number of Laparoscopic sterilizations conducted at SDHs or DHs,TOTAL,1529,0,0,6,0,0,184,170,0,0,83,0,0,0,0,0,80,0,1,0,0,22,0,150,0,241,85,21,45,5,31,73,319,13,0,0
M9 [Family Planning],9.2.1.d,Number of Laparoscopic sterilizations conducted at other State owned public institutions,TOTAL,NA,NA,NA,NA,NA,NA,NA,NA,NA,NA,NA,NA,NA,NA,NA,NA,NA,NA,NA,NA,NA,NA,NA,NA,NA,NA,NA,NA,NA,NA,NA,NA,NA,NA,NA,NA
M9 [Family Planning],9.2.1.e,"Total Number of Laparoscopic sterilizations conducted at Public facilities i.e. PHC, CHC, SDH, DH and other State owned public institutions (sum of items from 9.2.1.a to 9.2.1.d)",TOTAL,7505,850,0,6,0,0,1152,170,10,0,83,0,0,0,0,0,697,175,1,90,0,22,130,774,0,1093,128,149,122,596,51,693,398,115,0,0
M9 [Family Planning],9.2.2,Number of Laparoscopic sterilizations conducted at Private facilities,TOTAL,1358,9,0,5,15,0,6,224,2,2,0,0,0,0,0,10,72,0,13,0,0,17,0,49,0,409,47,31,76,6,45,52,229,39,0,0
M9 [Family Planning],9.3.1.a,Number of Mini-lap sterilizations conducted at PHCs,TOTAL,12177,610,182,318,362,219,243,NA,197,164,761,27,113,187,1100,417,316,559,468,851,362,1177,411,7,454,225,166,5,665,221,16,426,5,212,5,726
M9 [Family Planning],9.3.1.b,Number of Mini-lap sterilizations conducted at CHCs,TOTAL,2432,202,56,82,143,47,175,NA,2,44,94,34,36,0,262,55,55,103,40,425,17,118,75,0,76,9,57,0,11,5,21,94,0,25,10,59
M9 [Family Planning],9.3.1.c,Number of Mini-lap sterilizations conducted at SDHs or DHs,TOTAL,3671,62,119,277,386,25,140,50,116,54,21,16,65,123,105,157,27,92,180,295,14,235,85,35,158,196,40,13,73,11,27,112,52,89,52,169
M9 [Family Planning],9.3.1.d,Number of Mini-lap sterilizations conducted at other State owned public institutions,TOTAL,NA,NA,NA,NA,NA,NA,NA,NA,NA,NA,NA,NA,NA,NA,NA,NA,NA,NA,NA,NA,NA,NA,NA,NA,NA,NA,NA,NA,NA,NA,NA,NA,NA,NA,NA,NA
M9 [Family Planning],9.3.1.e,"Total Number of Mini-lap sterilizations conducted at Public facilities i.e. PHC, CHC, SDH, DH and other State owned public institutions (sum of items from 9.3.1.a to 9.3.1.d)",TOTAL,18280,874,357,677,891,291,558,50,315,262,876,77,214,310,1467,629,398,754,688,1571,393,1530,571,42,688,430,263,18,749,237,64,632,57,326,67,954
M9 [Family Planning],9.3.2,Number of Mini-lap sterilizations conducted at Private facilities,TOTAL,3523,159,150,42,0,0,35,218,11,44,15,0,21,13,410,32,116,108,63,145,0,165,0,66,58,379,90,41,163,243,8,454,177,21,23,53
M9 [Family Planning],9.4.1.a,Number of Post-Partum sterilizations conducted at PHCs,TOTAL,60,0,0,0,0,0,0,NA,0,0,0,0,1,0,0,0,10,0,12,0,0,0,0,0,0,0,3,0,0,2,13,0,0,1,0,18
M9 [Family Planning],9.4.1.b,Number of Post-Partum sterilizations conducted at CHCs,TOTAL,154,1,4,0,0,2,0,NA,0,4,0,0,0,0,2,0,12,0,0,0,0,7,7,0,0,2,17,2,0,4,6,0,0,68,0,16
M9 [Family Planning],9.4.1.c,Number of Post-Partum sterilizations conducted at SDHs or DHs,TOTAL,1676,53,58,39,0,91,4,34,8,69,0,2,3,15,32,4,37,16,369,8,0,88,8,3,0,293,24,36,50,89,32,89,81,33,0,8
M9 [Family Planning],9.4.1.d,Number of Post-Partum sterilizations conducted at other State owned public institutions,TOTAL,NA,NA,NA,NA,NA,NA,NA,NA,NA,NA,NA,NA,NA,NA,NA,NA,NA,NA,NA,NA,NA,NA,NA,NA,NA,NA,NA,NA,NA,NA,NA,NA,NA,NA,NA,NA
M9 [Family Planning],9.4.1.e,"Total Number of Post-Partum sterilizations conducted at Public facilities i.e. PHC, CHC, SDH, DH and other State owned public institutions (sum of items from 9.4.1.a to 9.4.1.d)",TOTAL,1890,54,62,39,0,93,4,34,8,73,0,2,4,15,34,4,59,16,381,8,0,95,15,3,0,295,44,38,50,95,51,89,81,102,0,42
M9 [Family Planning],9.4.2,Number of Post-Partum sterilizations conducted at Private facilities,TOTAL,1191,53,22,72,0,0,0,24,2,70,0,0,0,0,31,6,77,0,64,0,0,52,21,7,0,182,25,48,51,61,12,81,81,144,0,5
M9 [Family Planning],9.5.1.a,Number of IUCD Insertions conducted at SCs,TOTAL,16276,1513,374,399,460,223,650,NA,368,346,319,83,215,126,598,546,1441,549,495,328,151,528,371,195,461,690,421,405,960,738,287,903,153,346,226,408
M9 [Family Planning],9.5.1.b,Number of IUCD Insertions conducted at PHCs,TOTAL,5709,427,62,128,153,27,132,7,137,134,92,43,31,38,246,103,350,73,80,295,93,163,138,210,160,460,152,138,357,367,77,240,150,70,82,294
M9 [Family Planning],9.5.1.c,Number of IUCD Insertions conducted at CHCs,TOTAL,1070,91,31,9,35,31,24,NA,21,31,13,6,1,0,68,18,84,36,9,92,41,44,26,8,2,67,29,12,29,41,11,43,13,82,15,7
M9 [Family Planning],9.5.1.d,Number of IUCD Insertions conducted at SDHs or DHs,TOTAL,4005,57,220,89,148,27,41,423,48,150,63,7,9,9,151,39,154,15,305,30,10,151,59,85,15,688,83,18,55,20,11,175,545,50,18,37
M9 [Family Planning],9.5.1.e,Number of IUCD Insertions conducted at other State owned public institutions,TOTAL,NA,NA,NA,NA,NA,NA,NA,NA,NA,NA,NA,NA,NA,NA,NA,NA,NA,NA,NA,NA,NA,NA,NA,NA,NA,NA,NA,NA,NA,NA,NA,NA,NA,NA,NA,NA
M9 [Family Planning],9.5.1.f,"Total Number of IUCD Insertions conducted at Public facilities i.e. SC, PHC, CHC, SDH, DH and other State owned public institutions (sum of items from 9.5.1.a to 9.5.1.e)",TOTAL,27060,2088,687,625,796,308,847,430,574,661,487,139,256,173,1063,706,2029,673,889,745,295,886,594,498,638,1905,685,573,1401,1166,386,1361,861,548,341,746
M9 [Family Planning],9.5.1A,"Out of above total, Post Partum (within 48 hours of delivery) IUCD insertions",TOTAL,1385,0,83,6,8,60,13,NA,21,9,4,37,0,12,34,6,37,0,71,343,46,4,62,43,5,255,73,6,7,69,2,1,32,36,0,0
M9 [Family Planning],9.5.2,Number of IUCD Insertions conducted at Private facilities,TOTAL,6663,320,59,144,394,2,153,1275,72,49,12,21,6,3,145,82,437,115,134,112,15,335,52,174,62,955,38,35,152,39,21,255,794,112,36,53
M9 [Family Planning],9.06,Number of IUCD removals,TOTAL,6380,395,87,146,129,96,329,166,90,205,53,40,84,33,262,145,518,141,185,122,27,159,106,117,131,556,169,178,239,268,274,350,250,86,70,174
M9 [Family Planning],9.07,Number of Oral Pills cycles distributed,TOTAL,242871,15644,4068,3684,6196,2532,10038,15067,4927,3557,6052,1775,1713,2166,9960,1496,25203,6316,2122,7651,3854,10333,3115,5664,2877,16636,3891,8087,9595,13452,4170,11288,8560,4105,3471,3606
M9 [Family Planning],9.08,Number of Condom pieces distributed,TOTAL,1690455,51950,9946,18307,83724,17142,25546,541170,30176,23109,19263,17234,15510,28460,34203,9624,43255,31532,49307,36265,15946,50015,13662,27220,22570,118345,9166,38446,39353,51360,29954,27045,80572,56530,16660,7888
M9 [Family Planning],9.09,Number of Centchroman (weekly) pills given,TOTAL,2306,0,0,0,0,29,0,2160,0,0,0,18,0,0,0,0,0,0,2,0,0,25,0,29,0,21,15,0,0,0,0,0,0,0,0,7
M9 [Family Planning],9.1,Number of Emergency Contraceptive Pills distributed,TOTAL,3858,128,251,56,52,72,89,59,154,45,22,68,141,15,194,115,320,62,27,60,40,66,67,102,0,986,29,42,37,241,23,119,26,54,54,42
M9 [Family Planning],9.11.1.a,Number of cases of complications following male sterilization,TOTAL,0,0,0,0,0,0,0,NA,0,0,0,0,0,0,0,0,0,0,0,0,0,0,0,0,0,0,0,0,0,0,0,0,0,0,0,0
M9 [Family Planning],9.11.1.b,Number of cases of complications following female sterilization,TOTAL,3,0,0,0,0,0,0,NA,0,0,0,0,0,0,0,0,0,2,0,0,0,0,0,0,0,1,0,0,0,0,0,0,0,0,0,0
M9 [Family Planning],9.11.2.a,Number of failures following male sterilization,TOTAL,1,0,0,1,0,0,0,NA,0,0,0,0,0,0,0,0,0,0,0,0,0,0,0,0,0,0,0,0,0,0,0,0,0,0,0,0
M9 [Family Planning],9.11.2.b,Number of failures following female sterilization,TOTAL,29,4,0,1,1,0,0,1,6,0,0,0,1,0,3,0,0,0,0,0,0,1,0,0,2,8,0,0,0,0,0,0,0,1,0,0
M9 [Family Planning],9.11.3.a,Number of deaths following male sterilization,TOTAL,0,0,0,0,0,0,0,NA,0,0,0,0,0,0,0,0,0,0,0,0,0,0,0,0,0,0,0,0,0,0,0,0,0,0,0,0
M9 [Family Planning],9.11.3.b,Number of deaths following female sterilization,TOTAL,0,0,0,0,0,0,0,NA,0,0,0,0,0,0,0,0,0,0,0,0,0,0,0,0,0,0,0,0,0,0,0,0,0,0,0,0
M9 [Family Planning],9.12,Number of Institutions having NSV trained doctors,TOTAL,187,8,3,6,7,6,1,NA,1,3,5,6,4,1,6,1,16,2,9,3,5,18,3,4,NA,11,13,7,5,9,1,4,8,4,1,6
M10 [CHILD IMMUNIZATION],10.1.01,Number of Infants (0 to 11 months old)received BCG immunisation,TOTAL,164443,7298,2974,4194,6858,1501,4533,12741,4144,2238,3047,1275,1260,2119,5849,4457,5554,5051,5883,5317,2911,10649,2622,4254,4432,12776,3467,1594,4836,4642,683,6548,11576,1537,1726,3897
M10 [CHILD IMMUNIZATION],10.1.02,Number of Infants (0 to 11 months old) received DPT1 immunisation,TOTAL,163845,6755,2626,3928,6827,1483,4819,15199,4136,2680,3864,1237,1401,2060,6599,3711,5086,4448,6271,5528,2515,8995,2672,5045,3430,11996,3507,1640,4414,3822,717,6893,12260,1639,1830,3812
M10 [CHILD IMMUNIZATION],10.1.03,Number of Infants (0 to 11 months old) received DPT2 immunisation,TOTAL,159369,6705,2601,3837,6388,1467,4521,14176,3887,2556,3602,1207,1345,2180,6048,3397,5197,4061,6144,5205,2727,9381,2525,4736,3245,12275,3264,1578,4218,3666,782,6641,12537,1626,1782,3862
M10 [CHILD IMMUNIZATION],10.1.04,Number of Infants (0 to 11 months old) received DPT3 immunisation,TOTAL,159208,6553,2600,3740,6081,1438,4439,15317,3905,2650,3444,1142,1342,2238,5847,3276,5497,4041,6226,5279,2670,9309,2586,4485,3124,12236,2988,1661,4231,4002,754,6519,12624,1507,1764,3693
M10 [CHILD IMMUNIZATION],10.1.04A,Number of Infants (0 to 11 months old) received Pentavalent1 immunisation,TOTAL,303,0,0,0,0,0,0,NA,0,0,0,0,0,0,0,0,0,0,0,0,0,0,0,7,0,20,0,0,86,160,0,0,30,0,0,0
M10 [CHILD IMMUNIZATION],10.1.04B,Number of Infants (0 to 11 months old) received Pentavalent2 immunisation,TOTAL,348,0,0,0,0,0,0,NA,0,0,0,0,0,0,0,0,0,0,0,0,0,0,0,17,0,25,0,0,89,192,0,0,25,0,0,0
M10 [CHILD IMMUNIZATION],10.1.04C,Number of Infants (0 to 11 months old) received Pentavalent3 immunisation,TOTAL,199,0,0,0,0,0,0,NA,0,0,0,0,0,0,0,0,0,0,0,0,0,0,0,7,0,16,0,0,4,148,0,0,24,0,0,0
M10 [CHILD IMMUNIZATION],10.1.05,Number of Infants (0 to 11 months old) received OPV 0 (Birth Dose),TOTAL,132875,5431,2850,3107,5008,1308,3395,11046,3478,1770,2423,1157,1403,1142,4215,4117,5207,4274,3902,5546,2498,7065,2045,3489,3122,11217,2425,1186,4424,3525,649,5190,9221,1310,1645,3085
M10 [CHILD IMMUNIZATION],10.1.06,Number of Infants (0 to 11 months old) received OPV1 (First Dose),TOTAL,164094,6735,2632,3928,6818,1483,4748,15252,4124,2680,3864,1237,1409,2066,6570,3711,5092,4448,6256,5528,2504,9104,2753,5045,3445,11970,3506,1642,4414,3956,717,6878,12282,1639,1835,3823
M10 [CHILD IMMUNIZATION],10.1.07,Number of Infants (0 to 11 months old) received OPV2 (Second Dose),TOTAL,159566,6686,2601,3837,6380,1467,4547,14268,3889,2553,3602,1207,1338,2176,6050,3397,5191,4057,6138,5205,2658,9442,2523,4736,3245,12264,3213,1571,4218,3864,782,6628,12562,1626,1779,3866
M10 [CHILD IMMUNIZATION],10.1.08,Number of Infants (0 to 11 months old) received OPV3 (Third Dose),TOTAL,159795,6546,2587,3740,6071,1438,4441,15425,3889,2650,3424,1142,1343,2253,5795,3276,5497,4041,6240,5279,2674,9344,2580,4485,3141,12076,3422,1656,4231,4127,754,6504,12633,1507,1749,3835
M10 [CHILD IMMUNIZATION],10.1.09A,Number of Infants (upto 48 hrs of age) received Hepatitis-B0 immunisation,TOTAL,80060,2825,1726,1764,2359,1163,1217,5622,1908,1586,2195,852,736,826,3044,3048,3213,1542,3429,3345,1814,4778,1537,1236,2067,8661,1315,506,1368,1686,458,1716,5639,903,1198,2778
M10 [CHILD IMMUNIZATION],10.1.09,Number of Infants (0 to 11 months old) received Hepatitis-B1 immunisation,TOTAL,163495,6808,2617,3928,6809,1483,4782,15116,4121,2680,3864,1237,1396,2069,6562,3711,5103,4441,6243,5528,2491,9007,2667,5007,3433,11888,3502,1651,4414,3801,717,6922,12218,1639,1820,3820
M10 [CHILD IMMUNIZATION],10.1.10,Number of Infants (0 to 11 months old) received Hepatitis-B2 immunisation,TOTAL,158607,6263,2584,3837,6411,1467,4526,13946,3888,2556,3602,1207,1347,2177,6064,3394,5188,4072,6095,5202,2629,9418,2512,4741,3245,12270,3317,1583,4218,3677,782,6642,12471,1626,1787,3863
M10 [CHILD IMMUNIZATION],10.1.11,Number of Infants (0 to 11 months old) received Hepatitis-B3 immunisation,TOTAL,158237,6568,2562,3740,6113,1438,4445,14889,3903,2650,3445,1142,1346,2235,5815,3279,5510,4036,6144,5279,2603,9247,2594,4446,3126,12194,3020,1672,4231,3996,754,6525,12342,1507,1760,3681
M10 [CHILD IMMUNIZATION],10.1.12,Number of Infants (0 to 11 months old) received Measles immunisation (First Dose),TOTAL,173177,6897,2859,4324,6638,1986,4796,15935,4332,3488,3388,1608,1726,2407,6521,3472,5481,4395,6572,6041,2714,9451,2973,4957,3608,13391,3549,1626,4436,4246,777,6979,13820,1755,1893,4136
M10 [CHILD IMMUNIZATION],10.1.12B,Number of Infants (more than 16 months old) received Measles immunisation (Second Dose),TOTAL,157176,6574,2557,3763,6122,1580,4113,15010,3655,2711,2861,1401,1332,2359,5577,2859,5627,3893,6235,4840,2286,8629,2461,4905,2779,12601,3303,1745,4146,4093,783,6087,13101,1653,1754,3781
M10 [CHILD IMMUNIZATION],10.1A,No. of Children aged 9 to 12 months who received JE 1st dose,TOTAL,22769,0,0,3626,0,1916,3746,NA,0,0,0,1517,0,0,0,0,0,3115,3059,0,0,0,0,0,0,0,0,0,0,0,0,0,0,0,1806,3984
M10 [CHILD IMMUNIZATION],10.1.13.a,Total number of male children (9 to 11 months old) fully immunised (BCG+DPT123/Pentavalent123+OPV123+Measles) during the month,TOTAL,88952,3446,1479,2262,3497,1068,2471,8208,2260,1802,1810,839,888,1241,3384,1855,2782,2268,3372,3138,1387,4569,1504,2571,1937,6886,1848,834,2302,2176,391,3672,6743,906,990,2166
M10 [CHILD IMMUNIZATION],10.1.13.b,Total number of female children (9 to 11 months old) fully immunised (BCG+DPT123/Pentavalent123+OPV123+Measles) during the month,TOTAL,81673,3144,1378,2062,3141,913,2311,7716,2029,1656,1578,769,838,1163,3052,1616,2699,2094,3167,2794,1327,4228,1344,2386,1637,6328,1699,792,2134,2070,386,3215,6312,849,876,1970
M10 [CHILD IMMUNIZATION],10.1.13.c,Total number of children (9 to 11 months old) fully immunised (BCG+DPT123/Pentavalent123+OPV123+Measles) during the month (sum of items 10.1.13.a and 10.1.13.b),TOTAL,170625,6590,2857,4324,6638,1981,4782,15924,4289,3458,3388,1608,1726,2404,6436,3471,5481,4362,6539,5932,2714,8797,2848,4957,3574,13214,3547,1626,4436,4246,777,6887,13055,1755,1866,4136
M10 [CHILD IMMUNIZATION],10.2.1,Number of Infants (more than 16 months old) received DPT Booster dose,TOTAL,158232,6621,2592,3851,6122,1544,4247,15529,3688,2708,2859,1417,1338,2222,5603,2858,5612,3868,6201,4868,2372,8742,2479,4872,2779,12774,3389,1759,4146,4100,783,6303,12753,1653,1754,3826
M10 [CHILD IMMUNIZATION],10.2.2,Number of Infants (more than 16 months old) received OPV Booster dose,TOTAL,159656,6621,2591,3851,6122,1544,4242,15415,3691,2708,2859,1417,1337,2222,5598,2858,5612,3858,7727,4868,2360,8814,2477,4872,2763,12771,3395,1766,4146,4100,783,6270,12764,1653,1754,3827
M10 [CHILD IMMUNIZATION],10.2.3,"Number of Infants (more than 16 months old) received Measles, Mumps, Rubella (MMR) Vaccination",TOTAL,0,NA,NA,NA,NA,NA,NA,NA,0,0,0,0,NA,0,NA,NA,NA,NA,0,NA,0,NA,NA,NA,0,NA,0,NA,NA,NA,0,NA,NA,NA,NA,0
M10 [CHILD IMMUNIZATION],10.3.1.a,Total number of male children (12 to 23 months old) fully immunised (BCG+DPT123/Pentavalent123+OPV123+Measles) during the month,TOTAL,36722,1785,474,719,157,150,421,7741,1421,148,1441,226,264,712,243,717,0,768,1997,1020,817,1061,1114,1179,227,3974,944,449,0,1,0,1511,2815,271,338,1617
M10 [CHILD IMMUNIZATION],10.3.1.b,Total number of female children (12 to 23 months old) fully immunised (BCG+DPT123/Pentavalent123+OPV123+Measles) during the month,TOTAL,33724,1622,451,620,143,156,385,7301,1298,133,1248,223,234,642,188,658,0,700,1749,976,727,1010,996,1046,234,3736,882,408,0,2,0,1329,2762,258,307,1300
M10 [CHILD IMMUNIZATION],10.3.1.c,Total number of children (12 to 23 months old) fully immunised (BCG+DPT123+OPV123/Pentavalent123+Measles) during the month (sum of items 10.3.1.a and 10.3.1.b),TOTAL,70446,3407,925,1339,300,306,806,15042,2719,281,2689,449,498,1354,431,1375,0,1468,3746,1996,1544,2071,2110,2225,461,7710,1826,857,0,3,0,2840,5577,529,645,2917
M10 [CHILD IMMUNIZATION],10.3.2,Number of children (more than 5 years old) given DT5,TOTAL,179466,12106,3167,3975,7746,2543,3759,12210,2858,2697,3893,1163,1880,1335,4728,3185,9073,4594,6630,7488,2828,8919,3355,4202,2458,10622,4025,3424,1844,14273,762,6466,10536,3839,2213,4670
M10 [CHILD IMMUNIZATION],10.3.3,Number of children (more than 10 years old) given TT10,TOTAL,214125,13483,3523,4268,8480,3402,4471,14967,3334,4434,4338,1757,1689,1759,5088,3282,11230,5383,6607,9113,3533,10173,3577,4414,2586,12532,5690,6268,1969,15563,4282,8360,11658,4348,2919,5645
M10 [CHILD IMMUNIZATION],10.3.4,Number of children (more than 16 years old) given TT16,TOTAL,213315,14318,3352,4152,7850,2414,4379,19669,3745,3672,3707,1404,1553,1646,5636,3473,13309,5102,6085,8505,3121,9472,3325,3701,2632,11164,6855,6933,1741,16122,5423,7807,10156,3523,2515,4854
M10 [CHILD IMMUNIZATION],10.3.5.a,Number of cases of Abscess reported following immunisation [Adverse Event Following Immunisation (AEFI)],TOTAL,12,1,0,0,0,0,0,NA,2,0,0,0,0,0,0,1,0,0,0,0,0,0,0,0,0,0,0,0,0,0,0,0,7,0,0,1
M10 [CHILD IMMUNIZATION],10.3.5.b,Number of cases of Death reported following immunisation [Adverse Event Following Immunisation (AEFI)],TOTAL,0,0,0,0,0,0,0,NA,0,0,0,0,0,0,0,0,0,0,0,0,0,0,0,0,0,0,0,0,0,0,0,0,0,0,0,0
M10 [CHILD IMMUNIZATION],10.3.5.c,Number of cases of other complications reported following immunisation [Adverse Event Following Immunisation (AEFI)],TOTAL,366,177,0,2,22,26,0,NA,0,16,0,0,0,0,0,0,0,8,0,19,0,0,3,0,25,0,0,0,2,0,0,2,64,0,0,0
M10 [CHILD IMMUNIZATION],10.4.1,Number of Immunisation sessions planned to be held during the month,TOTAL,63123,2583,1222,1902,2026,761,1871,3290,1479,1314,1285,985,1250,1011,2137,1319,2152,1907,2845,2325,1568,4173,1096,2109,1137,3014,1803,1061,1270,1850,516,2061,3543,867,964,2427
M10 [CHILD IMMUNIZATION],10.4.2,Number of Immunisation sessions held during the month,TOTAL,63073,2583,1221,1902,2017,761,1871,3288,1479,1313,1285,989,1250,1011,2137,1318,2152,1907,2843,2325,1566,4173,1096,2110,1137,3011,1799,1061,1270,1850,516,2061,3540,867,961,2403
M10 [CHILD IMMUNIZATION],10.4.3,Number of Immunisation sessions held during the month where ASHAs were present,TOTAL,41697,2011,908,1698,1634,654,1587,NA,1045,1150,923,520,816,845,1715,1188,1752,1357,1238,616,1004,2167,702,1988,627,1869,1345,800,1181,1485,422,1396,1616,739,833,1866
M10 [CHILD IMMUNIZATION],10.5.1,Number of children (more than 16 months old) received Japanese Encephalitis (JE) vaccination,TOTAL,20186,0,0,3085,0,1457,3747,NA,0,0,0,1330,0,0,0,0,0,2800,2859,0,0,0,0,0,0,0,0,0,0,0,0,0,0,0,1563,3345
M11 [Number of Vitamin A doses],11.1.1,Number of children (9 months to 5 years old) administered 1st dose of Vitamin A (Dose-1),TOTAL,164340,6796,2773,4293,6251,1971,4628,11947,4155,3451,3233,1563,1733,2414,6509,3363,5408,4290,6624,5327,2658,10085,2916,4538,3420,11395,3546,1560,4289,4288,783,7196,13276,1755,1883,4023
M11 [Number of Vitamin A doses],11.1.2,Number of children (9 months to 5 years old) were administered 5th dose of Vitamin A (Dose-5),TOTAL,61850,1779,1343,1512,2476,162,2678,1131,3123,211,803,422,275,1119,1078,2296,808,1120,2820,3063,351,2368,577,1857,2241,6607,1233,294,362,661,350,6948,5540,514,1408,2320
M11 [Number of Vitamin A doses],11.1.3,Number of children (9 months to 5 years old) administered 9th dose of Vitamin A (Dose-9),TOTAL,57385,1313,1217,1437,2763,242,2225,3623,2612,496,613,660,337,846,747,1933,564,974,1538,2834,242,1288,449,1964,1451,4254,1341,549,426,669,646,7187,6302,541,1216,1886
M12 [Number of cases of Childhood Diseases reported during the month0-5 years:],12.1,Number of cases of Diptheria reported in children below 5 years of age,TOTAL,1,0,0,0,0,0,0,NA,0,0,0,0,0,0,0,0,0,0,0,0,0,0,0,0,0,0,0,0,0,0,0,1,0,0,0,0
M12 [Number of cases of Childhood Diseases reported during the month0-5 years:],12.2,Number of cases of Pertusis reported in children below 5 years of age,TOTAL,0,0,0,0,0,0,0,NA,0,0,0,0,0,0,0,0,0,0,0,0,0,0,0,0,0,0,0,0,0,0,0,0,0,0,0,0
M12 [Number of cases of Childhood Diseases reported during the month0-5 years:],12.3,Number of cases of Tetanus neonatarum reported in children below 5 years of age,TOTAL,0,0,0,0,0,0,0,NA,0,0,0,0,0,0,0,0,0,0,0,0,0,0,0,0,0,0,0,0,0,0,0,0,0,0,0,0
M12 [Number of cases of Childhood Diseases reported during the month0-5 years:],12.4,Number of cases of Tetanus other than neonatarum reported in children below 5 years of age,TOTAL,0,0,0,0,0,0,0,NA,0,0,0,0,0,0,0,0,0,0,0,0,0,0,0,0,0,0,0,0,0,0,0,0,0,0,0,0
M12 [Number of cases of Childhood Diseases reported during the month0-5 years:],12.5,Number of cases of Polio reported in children below 5 years of age,TOTAL,0,0,0,0,0,0,0,NA,0,0,0,0,0,0,0,0,0,0,0,0,0,0,0,0,0,0,0,0,0,0,0,0,0,0,0,0
M12 [Number of cases of Childhood Diseases reported during the month0-5 years:],12.6,Number of cases of Measles reported in children below 5 years of age,TOTAL,76,4,0,0,2,1,3,18,0,0,0,5,0,0,0,0,0,1,0,1,0,0,1,4,0,4,12,0,0,2,0,8,9,0,0,1
M12 [Number of cases of Childhood Diseases reported during the month0-5 years:],12.7,Number of cases of Diarrhoea and Dehydration reported in children below 5 years of age,TOTAL,7364,55,53,26,297,153,388,117,116,697,30,106,44,127,196,169,175,199,113,315,109,573,301,110,132,856,94,98,594,111,39,138,592,104,9,128
M12 [Number of cases of Childhood Diseases reported during the month0-5 years:],12.8,Number of cases of Malaria reported in children below 5 years of age,TOTAL,82,0,0,1,3,0,0,15,1,0,1,31,0,0,0,0,0,0,0,0,2,1,0,13,0,0,0,0,0,0,0,1,13,0,0,0
M12 [Number of cases of Childhood Diseases reported during the month0-5 years:],12.9,Number of children below 5 years of age admitted with Respiratory Infections,TOTAL,4078,51,3,9,159,27,168,49,79,584,3,37,13,164,52,37,246,33,202,132,8,140,88,153,106,589,52,59,3,20,0,57,275,442,0,38
M13 [Blindness Control Programme],13.1,Number of Patients operated for cataract,TOTAL,65107,2750,1297,1635,2601,521,2258,3120,1038,878,1410,241,556,336,2747,884,2838,2387,2287,1224,1313,3595,1223,58,675,9131,816,665,4099,2430,280,2838,4014,1111,586,1265
M13 [Blindness Control Programme],13.2,Number of Intraocular Lens(IOL) implantations,TOTAL,62088,2733,1295,1627,2550,516,2258,1655,1038,876,1400,220,556,336,2707,864,2815,2387,2274,1211,1313,3595,1164,48,669,8826,816,665,4058,2430,280,2093,3891,1111,586,1225
M13 [Blindness Control Programme],13.3,Number of School children detected with Refractive errors,TOTAL,7470,382,84,140,160,174,41,NA,146,323,137,71,61,125,188,292,338,153,176,465,751,328,248,72,112,537,8,201,290,237,149,2,203,205,200,471
M13 [Blindness Control Programme],13.4,Number of children provided free glasses,TOTAL,2207,352,0,88,0,1,0,NA,1,7,52,5,0,257,96,246,323,19,30,0,0,0,82,0,421,90,5,0,0,0,0,0,0,132,0,0
M13 [Blindness Control Programme],13.5,Number of eyes collected through eye donation,TOTAL,584,13,10,10,20,8,4,194,2,6,2,0,4,0,0,20,2,10,32,2,2,12,6,0,0,120,10,0,28,6,0,4,51,0,6,0
M13 [Blindness Control Programme],13.6,Number of eyes utilised for corneal transplant,TOTAL,291,9,0,7,6,0,3,110,1,0,0,0,0,0,0,15,0,8,9,1,0,12,4,0,0,50,5,0,13,4,0,9,23,2,0,0
M14 [Patient Services],14.01,Number of CHC or SDH or DH functioning as First Referral units (FRUs),TOTAL,283,12,6,9,7,6,9,NA,8,9,5,8,8,2,9,4,12,8,7,13,7,22,7,9,4,16,10,3,13,7,6,13,6,6,3,9
M14 [Patient Services],14.02,Number of PHCs functioning 24X7 with atleast 3 Staff Nurses,TOTAL,882,47,9,32,26,4,23,NA,22,16,27,24,18,15,37,23,35,27,21,33,26,63,17,25,12,67,28,27,24,42,7,29,19,14,17,26
M14 [Patient Services],14.03,Number of Anganwadi centres reported to have conducted VHNDs,TOTAL,42105,2232,782,1359,1581,803,1284,NA,1341,1177,1052,949,856,622,1616,1090,1305,1238,1186,769,1568,1895,818,1861,800,2283,1721,1260,1214,1219,457,2145,1029,634,675,1284
M14 [Patient Services],14.04,Number of facilities having a Rogi Kalyan Samiti (RKS),TOTAL,456,24,7,16,14,10,13,NA,15,14,6,11,12,6,21,11,23,12,12,15,9,29,10,10,10,24,13,10,15,18,11,17,9,9,6,14
M14 [Patient Services],14.05,Number of RKS meetings held during the month,TOTAL,658,29,12,25,26,10,26,1,20,16,10,12,10,5,30,20,29,31,22,11,18,39,27,12,11,20,16,26,36,11,21,20,16,13,8,19
M14 [Patient Services],14.06,Number of facilities having Ambulance services (Assured Referral Services),TOTAL,1809,89,26,64,59,42,51,2,53,38,37,35,49,20,99,51,82,36,61,59,48,134,43,41,28,108,54,63,73,87,9,18,32,30,33,55
M14 [Patient Services],14.07,Total Number of times the Ambulance was used for transporting patients during the month,TOTAL,37678,1405,1012,1745,1538,1343,1111,1353,1034,918,310,627,970,642,867,1114,994,1308,1648,572,719,2601,1347,1164,319,3337,423,736,1168,1159,480,1012,609,396,720,977
M14 [Patient Services],14.08,Number of Institutions having Operational Sick New Born and Child Care Units (SNCU),TOTAL,231,7,5,9,6,6,6,1,9,6,5,4,7,3,8,4,9,7,9,3,8,13,8,7,3,13,6,7,7,6,4,8,9,5,4,9
M14 [Patient Services],14.09,Number of functional Laproscopes in CHC/SDH/DH,TOTAL,190,1,3,0,1,1,4,41,8,3,2,0,1,5,3,5,10,2,1,3,5,6,1,13,0,27,3,5,1,2,9,5,14,3,0,2
M14 [Patient Services],14.09.a,Health Facility Services/Patient Services/Stock out rate of essential Drugs,TOTAL,NA,NA,NA,NA,NA,NA,NA,NA,NA,NA,NA,NA,NA,NA,NA,NA,NA,NA,NA,NA,NA,NA,NA,NA,NA,NA,NA,NA,NA,NA,NA,NA,NA,NA,NA,NA
M14 [Patient Services],14.09.b,Health Facility Services/Patient Services/Blood Units Issued on replacement,TOTAL,NA,NA,NA,NA,NA,NA,NA,NA,NA,NA,NA,NA,NA,NA,NA,NA,NA,NA,NA,NA,NA,NA,NA,NA,NA,NA,NA,NA,NA,NA,NA,NA,NA,NA,NA,NA
M14 [Patient Services],14.09.c,Health Facility Services/Patient Services/Total no. of blood units issued in year,TOTAL,NA,NA,NA,NA,NA,NA,NA,NA,NA,NA,NA,NA,NA,NA,NA,NA,NA,NA,NA,NA,NA,NA,NA,NA,NA,NA,NA,NA,NA,NA,NA,NA,NA,NA,NA,NA
M14 [Patient Services],14.10.1.a,Number of male patients admitted (Inpatients) during the month,1. Children,47045,1475,1045,1726,519,1111,1494,4728,1465,1186,1256,925,950,946,1461,1555,773,1013,993,1407,1607,3139,1193,1667,1585,2760,786,803,289,1027,392,600,2130,809,718,1512
M14 [Patient Services],14.10.1.a,Number of male patients admitted (Inpatients) during the month,2. Adults,126296,4325,1419,4936,1800,2225,3523,14739,4173,2468,2405,1973,2227,2452,5202,2786,3723,2542,1438,4496,2453,7178,3762,3073,4063,8320,2533,2562,1677,3263,1386,2949,6522,1655,2401,3647
M14 [Patient Services],14.10.1.b,Number of female patients (Inpatients) admitted during the month,1. Children,45815,1955,996,1778,560,1183,1418,4112,1466,1099,1128,842,859,966,1634,1331,732,886,990,1585,1429,3311,799,1726,1381,3031,806,517,266,952,332,672,1983,791,691,1608
M14 [Patient Services],14.10.1.b,Number of female patients (Inpatients) admitted during the month,2. Adults,222628,7262,5344,7159,4773,4693,7509,17223,6637,4665,3684,3043,3697,3665,8433,6347,7578,5887,4987,8904,5169,14070,7272,5372,7428,14758,3878,5248,3585,5476,2131,6186,8262,3165,3431,5707
M14 [Patient Services],14.10.1.c,Total number of patients admitted (Inpatients) during the month (sum of items 14.10.1.a and 14.10.1.b),1. Children,92860,3430,2041,3504,1079,2294,2912,8840,2931,2285,2384,1767,1809,1912,3095,2886,1505,1899,1983,2992,3036,6450,1992,3393,2966,5791,1592,1320,555,1979,724,1272,4113,1600,1409,3120
M14 [Patient Services],14.10.1.c,Total number of patients admitted (Inpatients) during the month (sum of items 14.10.1.a and 14.10.1.b),2. Adults,348924,11587,6763,12095,6573,6918,11032,31962,10810,7133,6089,5016,5924,6117,13635,9133,11301,8429,6425,13400,7622,21248,11034,8445,11491,23078,6411,7810,5262,8739,3517,9135,14784,4820,5832,9354
M14 [Patient Services],14.10.2.a,Number of death cases of Inpatient males,TOTAL,2024,45,26,80,4,48,26,950,22,56,2,54,33,12,44,13,7,2,11,10,41,91,11,34,18,109,24,40,4,44,16,7,98,26,11,5
M14 [Patient Services],14.10.2.b,Number of death cases of Inpatient females,TOTAL,1337,33,15,45,2,29,21,644,22,40,0,28,11,5,27,7,5,2,6,4,28,74,15,16,21,66,34,24,1,29,6,6,59,6,5,1
M14 [Patient Services],14.10.2.c,Number of cases of death of Inpatients (sum of items 14.10.2.a and 14.10.2.b),TOTAL,3361,78,41,125,6,77,47,1594,44,96,2,82,44,17,71,20,12,4,17,14,69,165,26,50,39,175,58,64,5,73,22,13,157,32,16,6
M14 [Patient Services],14.11,In-Patient Head Count at midnight,TOTAL,678263,15423,18186,20378,8080,22021,18822,173745,20166,18264,3861,15801,12311,8683,17514,17360,10391,9473,18939,17312,13128,33954,16388,11527,19453,20077,13717,12278,4502,19027,8870,7152,22957,12833,6119,9551
M14 [Patient Services],14.12.1,OPD attendance (All),TOTAL,8198194,268067,130251,256672,207577,169054,247688,1083907,190725,265379,109863,148608,130822,89292,238003,164997,209646,218543,231088,253852,133079,456968,203401,211299,199353,558103,167974,153161,143505,212367,100523,245754,301160,187037,113066,197410
M14 [Patient Services],14.13.1,Number of major operations carried out using general or spinal anaesthesia,TOTAL,27906,646,739,1161,38,1005,1244,6087,332,859,185,478,434,366,550,476,369,438,645,1025,261,1300,951,191,639,1884,708,501,893,621,306,367,1497,413,14,283
M14 [Patient Services],14.13.1A,"Out of 14.13.1,Gynecology- Hysterectomy surgeries",TOTAL,1080,21,14,22,1,13,21,NA,1,29,1,0,7,19,0,3,105,16,5,3,0,42,8,2,4,29,20,37,24,14,14,0,529,0,0,76
M14 [Patient Services],14.13.1.B,"Patient Services/Operation major (General and spinal anaesthesia)/Major Surgeries excluding Obstetrics, Gynaecology and Opthalmology etc",TOTAL,NA,NA,NA,NA,NA,NA,NA,NA,NA,NA,NA,NA,NA,NA,NA,NA,NA,NA,NA,NA,NA,NA,NA,NA,NA,NA,NA,NA,NA,NA,NA,NA,NA,NA,NA,NA
M14 [Patient Services],14.13.2,Number of minor operations carried out without anaesthesia or using local anaesthesia,TOTAL,30326,688,581,780,617,861,1510,5634,354,855,305,596,518,1309,349,600,951,436,973,647,205,1303,651,520,1136,1339,581,713,897,888,463,451,1888,478,75,174
M14 [Patient Services],14.13.3,Health Facility Services/Patient Services/Number of post operative Surgical Site infection,TOTAL,NA,NA,NA,NA,NA,NA,NA,NA,NA,NA,NA,NA,NA,NA,NA,NA,NA,NA,NA,NA,NA,NA,NA,NA,NA,NA,NA,NA,NA,NA,NA,NA,NA,NA,NA,NA
M14 [Patient Services],14.14.a,Number of patients given AYUSH treatment,TOTAL,517734,10073,8086,20888,13234,18204,25524,NA,25278,24467,6628,19101,17797,7568,16801,16528,17286,29982,19595,15126,4689,17442,20903,11120,17253,18976,18138,4467,13259,11146,6501,7681,12146,23274,6590,11983
M14 [Patient Services],14.14.b,Number of patients on whom Dental Procedure was conducted,TOTAL,27532,401,143,741,995,861,1081,1978,1211,645,33,805,998,568,1385,729,694,579,223,676,410,1011,337,351,299,2281,290,819,612,1012,203,573,1270,1122,141,2055
M14 [Patient Services],14.14.c,Number of Adolescents counselled,TOTAL,47323,4562,247,1992,1498,424,699,248,2045,1216,1259,3529,465,1791,306,566,457,476,710,639,3691,927,1526,1645,597,5576,1426,610,999,864,761,2238,1489,614,674,557
M15 [Laboratory Testing],15.1.a,Health Facility Services/Laboratory Testing/Total Number of lab Tests Done,TOTAL,NA,NA,NA,NA,NA,NA,NA,NA,NA,NA,NA,NA,NA,NA,NA,NA,NA,NA,NA,NA,NA,NA,NA,NA,NA,NA,NA,NA,NA,NA,NA,NA,NA,NA,NA,NA
M15 [Laboratory Testing],15.1.1.a,Number of Haemoglobin (Hb) tests conducted,TOTAL,657811,24398,7568,20439,16412,10834,20289,62358,15791,19740,7810,16026,10529,8274,18570,10071,30152,12667,18156,17552,14640,26163,14119,18583,14640,53354,12927,8930,11889,21714,14197,17516,49353,10149,10922,11079
M15 [Laboratory Testing],15.1.1.b,"Out of the total number of Hb tests conducted, number of cases having Hb less than 7gm/dl",TOTAL,35432,1096,200,801,231,338,1197,4501,494,1590,1414,834,579,305,1473,2763,455,600,708,1306,531,956,1890,229,2824,2068,350,142,241,699,242,320,1406,405,837,1407
M15 [Laboratory Testing],15.1.2.a,Number of HIV tests conducted on males,1. Number tested,65655,2464,1984,2894,1464,1608,2255,NA,1890,3162,1044,600,1569,1572,1295,1593,2637,1346,4872,1851,912,4034,1546,1504,1054,4760,1616,1156,1231,2000,1105,2048,4060,765,942,822
M15 [Laboratory Testing],15.1.2.a,Number of HIV tests conducted on males,2. Number Positive,913,57,12,18,13,15,19,NA,14,78,9,4,18,12,23,22,15,16,80,22,17,46,20,11,18,85,24,5,23,31,2,46,115,3,7,13
M15 [Laboratory Testing],15.1.2.b,Number of HIV tests conducted on Female-Non ANC (i.e. non pregnant females),1. Number tested,57633,2615,1522,2088,1683,457,2984,NA,1388,1430,993,304,623,1447,1581,1457,2525,2022,2924,1776,1044,3124,1645,1477,1473,4753,1329,1165,1448,1556,624,2342,3041,684,1242,867
M15 [Laboratory Testing],15.1.2.b,Number of HIV tests conducted on Female-Non ANC (i.e. non pregnant females),2. Number Positive,626,45,5,7,12,6,20,NA,12,21,6,4,14,9,12,8,19,10,46,21,15,29,17,14,18,47,11,2,18,27,3,52,82,7,2,5
M15 [Laboratory Testing],15.1.2.c,Number of HIV tests conducted on Female with ANC (i.e. pregnant females),1. Number tested,93676,4276,1979,2978,3217,1741,2764,NA,2482,3601,1940,1174,1537,2273,3927,2448,3927,3115,7352,3042,1615,5422,2783,4265,1640,5632,2170,1163,1814,2056,815,1589,5483,904,942,1610
M15 [Laboratory Testing],15.1.2.c,Number of HIV tests conducted on Female with ANC (i.e. pregnant females),2. Number Positive,104,4,2,1,6,3,3,NA,1,4,2,0,0,4,3,3,3,2,7,1,1,3,2,8,0,5,3,0,2,6,3,3,15,0,2,2
M15 [Laboratory Testing],15.1.2.d,Total number of HIV tests conducted (sum of items 15.1.2.a to 15.1.2.c),1. Number tested,216964,9355,5485,7960,6364,3806,8003,NA,5760,8193,3977,2078,3729,5292,6803,5498,9089,6483,15148,6669,3571,12580,5974,7246,4167,15145,5115,3484,4493,5612,2544,5979,12584,2353,3126,3299
M15 [Laboratory Testing],15.1.2.d,Total number of HIV tests conducted (sum of items 15.1.2.a to 15.1.2.c),2. Number Positive,1643,106,19,26,31,24,42,NA,27,103,17,8,32,25,38,33,37,28,133,44,33,78,39,33,36,137,38,7,43,64,8,101,212,10,11,20
M15 [Laboratory Testing],15.2,Number of Widal tests conducted,Number tested,31784,854,263,615,1079,721,1251,NA,787,702,201,362,451,535,1108,753,751,805,1015,1480,1105,1591,1029,1474,1673,3751,777,439,432,704,466,565,2193,606,619,627
M15 [Laboratory Testing],15.3.a,Number of VDRL tests conducted on males,Number tested,5306,313,7,293,5,44,52,NA,65,28,0,137,9,16,450,61,35,79,88,59,87,167,216,292,49,712,62,74,26,247,180,111,975,177,136,54
M15 [Laboratory Testing],15.3.b,Number of VDRL tests conducted on Female-Non ANC (i.e. non pregnant females),Number tested,9687,619,111,308,139,12,307,NA,87,140,0,149,27,36,461,242,145,72,165,460,348,156,293,57,187,1152,63,74,43,340,139,126,1177,428,1564,60
M15 [Laboratory Testing],15.3.c,Number of VDRL tests conducted on Female with ANC (i.e. pregnant females),Number tested,50643,1197,461,2112,965,1518,1950,NA,564,1962,49,739,354,208,2205,1036,1533,1379,3700,2704,608,2348,1178,2492,1195,4995,950,916,688,1343,511,408,5819,1009,988,559
M15 [Laboratory Testing],15.3.d,Total number of VDRL tests conducted (sum of items 15.3.a to 15.3.c),Number tested,65636,2129,579,2713,1109,1574,2309,NA,716,2130,49,1025,390,260,3116,1339,1713,1530,3953,3223,1043,2671,1687,2841,1431,6859,1075,1064,757,1930,830,645,7971,1614,2688,673
M15 [Laboratory Testing],15.4.1,Number of blood smears examined for Malaria,TOTAL,1885914,38384,41163,70179,19490,26390,43459,158651,60090,53716,33428,51132,41714,9055,47348,24642,58196,65719,54675,29877,17542,115605,24443,43106,8594,208353,74890,31460,35596,53901,12282,68289,107673,61055,33600,62217
M15 [Laboratory Testing],15.4.2,"Out of blood smears examined for malaria, number of blood smears tested positive for Plasmodium Vivax",TOTAL,3580,10,25,43,11,4,2,788,27,55,41,509,73,0,24,0,52,20,22,13,55,21,3,196,0,38,494,9,11,24,15,3,890,22,10,70
M15 [Laboratory Testing],15.4.3,"Out of blood smears examined for malaria, number of blood smears tested positive for Plasmodium Falciparum",TOTAL,2028,0,1,5,2,0,0,32,0,94,2,1599,150,0,0,0,0,4,3,0,21,1,0,22,0,2,22,2,0,1,0,0,63,0,0,2
M16 [Stock Position (During the month)],16.1.1,Stock position of DPT vaccines,1. Balance From Previous Month,527050,13550,19970,2800,800,14250,NA,416,59100,22000,1500,NA,23450,2900,86450,16500,3650,36000,20090,13374,8100,59900,7384,6300,8576,NA,3000,2350,8910,9070,7860,10200,16600,29560,2700,9740
M16 [Stock Position (During the month)],16.1.1,Stock position of DPT vaccines,2. Stocks Received,624706,22500,2500,15000,49000,7500,25000,NA,0,21000,20000,NA,0,0,1800,10000,50000,20000,22500,25700,15000,64310,6575,10000,41000,NA,20000,15000,37500,40500,10000,30000,10000,0,14000,18321
M16 [Stock Position (During the month)],16.1.1,Stock position of DPT vaccines,3. Unusable Stock,11571,0,0,0,0,0,NA,NA,10400,0,0,NA,0,0,0,0,NA,0,0,0,0,801,0,0,0,NA,0,0,0,0,0,0,0,0,NA,370
M16 [Stock Position (During the month)],16.1.1,Stock position of DPT vaccines,4. Stock Distributed,578584,14550,13500,11700,0,20750,2000,227,18700,18000,17500,NA,15700,0,1000,5000,38600,21200,37250,14067,16300,53174,8212,12500,49122,NA,22500,13400,31300,34000,3200,29200,13700,13300,13000,15932
M16 [Stock Position (During the month)],16.1.1,Stock position of DPT vaccines,5. Total Stock,561601,21500,8970,6100,49800,1000,23000,189,30000,25000,4000,0,7750,2900,87250,21500,15050,34800,5340,25007,6800,70235,5747,3800,454,0,500,3950,15110,15570,14660,11000,12900,16260,3700,11759
M16 [Stock Position (During the month)],16.1.1A,Stock Position of Pentavalent,1. Balance From Previous Month,0,NA,0,0,0,0,NA,NA,0,0,0,NA,0,0,0,0,NA,0,NA,0,0,0,0,NA,0,NA,0,0,0,NA,0,0,0,0,NA,0
M16 [Stock Position (During the month)],16.1.1A,Stock Position of Pentavalent,2. Stocks Received,0,NA,0,0,0,0,NA,NA,0,0,0,NA,0,0,0,0,NA,0,NA,NA,0,0,0,NA,0,NA,0,0,0,NA,0,0,0,0,NA,0
M16 [Stock Position (During the month)],16.1.1A,Stock Position of Pentavalent,3. Unusable Stock,0,NA,0,0,0,0,NA,NA,0,0,0,NA,0,0,0,0,NA,0,NA,0,0,0,0,NA,0,NA,0,0,0,0,0,0,0,0,NA,0
M16 [Stock Position (During the month)],16.1.1A,Stock Position of Pentavalent,4. Stock Distributed,0,NA,0,0,0,0,NA,NA,0,0,0,NA,0,0,0,0,NA,0,NA,NA,0,0,0,NA,0,NA,0,0,0,NA,0,0,0,0,NA,0
M16 [Stock Position (During the month)],16.1.1A,Stock Position of Pentavalent,5. Total Stock,0,0,0,0,0,0,0,0,0,0,0,0,0,0,0,0,0,0,0,0,0,0,0,0,0,0,0,0,0,0,0,0,0,0,0,0
M16 [Stock Position (During the month)],16.1.2,Stock position of OPV vaccines,1. Balance From Previous Month,863405,30700,28840,13900,5300,24300,NA,951,38600,18000,3000,NA,32100,0,92300,31000,22880,25220,171950,22336,26400,97920,11828,2100,33800,NA,15500,6320,28280,11700,29350,6900,15360,7900,1000,7670
M16 [Stock Position (During the month)],16.1.2,Stock position of OPV vaccines,2. Stocks Received,614281,60000,6000,20000,40000,20000,40000,NA,0,30000,20000,NA,0,0,15000,20000,30000,45000,40000,23050,10000,15531,9050,15000,2000,NA,0,20000,20000,29000,0,40000,10000,0,14000,20650
M16 [Stock Position (During the month)],16.1.2,Stock position of OPV vaccines,3. Unusable Stock,23214,0,0,0,NA,0,NA,NA,15800,0,0,NA,0,0,0,0,NA,0,0,0,0,6732,0,0,0,NA,0,0,0,0,0,0,0,0,NA,682
M16 [Stock Position (During the month)],16.1.2,Stock position of OPV vaccines,4. Stock Distributed,692716,63200,19100,15900,0,34700,30000,256,22800,20000,16500,NA,10800,0,16500,22000,35440,30100,38600,17660,18900,66159,9494,13700,20580,NA,15500,14320,18620,20200,6890,35900,21160,7900,11900,17937
M16 [Stock Position (During the month)],16.1.2,Stock position of OPV vaccines,5. Total Stock,761756,27500,15740,18000,45300,9600,10000,695,0,28000,6500,0,21300,0,90800,29000,17440,40120,173350,27726,17500,40560,11384,3400,15220,0,0,12000,29660,20500,22460,11000,4200,0,3100,9701
M16 [Stock Position (During the month)],16.1.3,Stock position of TT vaccines,1. Balance From Previous Month,628436,21700,15600,9500,1500,24100,NA,352,76500,11000,5000,NA,22200,2000,136630,15000,17200,23450,12670,16639,13150,72590,9735,5700,5300,NA,500,550,15360,11470,26620,19300,6320,19700,0,11100
M16 [Stock Position (During the month)],16.1.3,Stock position of TT vaccines,2. Stocks Received,511509,18000,3500,12000,36000,18000,NA,NA,0,24000,19000,NA,0,0,17000,18000,35000,40000,18000,13650,12000,35779,6880,10000,6000,NA,0,5000,52500,42000,0,18000,15000,0,16300,19900
M16 [Stock Position (During the month)],16.1.3,Stock position of TT vaccines,3. Unusable Stock,60723,0,0,0,NA,0,NA,NA,59500,0,0,NA,0,0,0,0,NA,0,0,0,0,817,0,0,0,NA,0,0,0,0,0,0,0,0,NA,406
M16 [Stock Position (During the month)],16.1.3,Stock position of TT vaccines,4. Stock Distributed,554876,24700,11250,10300,0,37970,NA,35,17000,22000,18500,NA,16100,0,17200,15000,45670,19200,23990,14584,13300,49282,8576,5750,7700,NA,0,210,49850,38550,14560,23100,8020,13200,10900,18379
M16 [Stock Position (During the month)],16.1.3,Stock position of TT vaccines,5. Total Stock,524346,15000,7850,11200,37500,4130,0,317,0,13000,5500,0,6100,2000,136430,18000,6530,44250,6680,15705,11850,58270,8039,9950,3600,0,500,5340,18010,14920,12060,14200,13300,6500,5400,12215
M16 [Stock Position (During the month)],16.1.4,Stock position of DT vaccines,1. Balance From Previous Month,470,NA,0,0,0,0,NA,NA,0,0,0,NA,0,0,0,0,NA,0,0,470,0,0,0,NA,0,NA,0,0,0,NA,0,0,0,0,NA,0
M16 [Stock Position (During the month)],16.1.4,Stock position of DT vaccines,2. Stocks Received,200,NA,0,0,0,0,NA,NA,0,0,0,NA,0,0,0,0,NA,0,0,200,0,0,0,NA,0,NA,0,0,0,NA,0,0,0,0,NA,0
M16 [Stock Position (During the month)],16.1.4,Stock position of DT vaccines,3. Unusable Stock,0,NA,0,0,0,0,NA,NA,0,0,0,NA,0,0,0,0,NA,0,0,0,0,0,0,NA,0,NA,0,0,0,NA,0,0,0,0,NA,0
M16 [Stock Position (During the month)],16.1.4,Stock position of DT vaccines,4. Stock Distributed,150,NA,0,0,0,0,NA,NA,0,0,0,NA,0,0,0,0,NA,0,0,150,0,0,0,NA,0,NA,0,0,0,NA,0,0,0,0,NA,0
M16 [Stock Position (During the month)],16.1.4,Stock position of DT vaccines,5. Total Stock,520,0,0,0,0,0,0,0,0,0,0,0,0,0,0,0,0,0,0,520,0,0,0,0,0,0,0,0,0,0,0,0,0,0,0,0
M16 [Stock Position (During the month)],16.1.5,Stock position of BCG vaccines,1. Balance From Previous Month,401095,28380,17770,3200,25400,6440,NA,170,20100,8000,2000,NA,9250,10650,86330,12000,14160,24150,13930,6570,8900,19783,7332,4150,16530,NA,500,3550,7150,5150,8200,12100,7500,5740,50,5960
M16 [Stock Position (During the month)],16.1.5,Stock position of BCG vaccines,2. Stocks Received,282920,24000,1000,5000,0,5000,10000,NA,0,10000,12000,NA,0,0,42000,10000,10000,10000,15000,7000,10000,22065,3885,5000,21500,NA,10000,5000,4500,10000,0,10000,5000,0,6100,8870
M16 [Stock Position (During the month)],16.1.5,Stock position of BCG vaccines,3. Unusable Stock,17318,0,0,0,0,0,NA,101,12900,0,0,NA,0,0,0,0,NA,0,0,0,0,3999,0,0,0,NA,0,0,0,0,0,0,0,0,NA,318
M16 [Stock Position (During the month)],16.1.5,Stock position of BCG vaccines,4. Stock Distributed,292715,25380,11250,5400,0,9240,NA,150,7200,6000,12800,NA,4200,0,24600,14000,14390,14000,13500,6712,9200,19096,4670,7400,11600,NA,10000,4100,6470,6900,2070,16800,7750,4400,5700,7737
M16 [Stock Position (During the month)],16.1.5,Stock position of BCG vaccines,5. Total Stock,373982,27000,7520,2800,25400,2200,10000,-81,0,12000,1200,0,5050,10650,103730,8000,9770,20150,15430,6858,9700,18753,6547,1750,26430,0,500,4450,5180,8250,6130,5300,4750,1340,450,6775
M16 [Stock Position (During the month)],16.1.6,Stock position of Measles vaccines,1. Balance From Previous Month,299483,19850,4050,3050,15800,8800,NA,170,9350,6000,250,NA,7350,16750,36290,7500,15005,12275,1050,3335,9400,46380,3394,4800,10949,NA,4250,7050,8365,7830,7750,3750,9500,4200,0,4990
M16 [Stock Position (During the month)],16.1.6,Stock position of Measles vaccines,2. Stocks Received,263748,12000,1000,7500,0,5000,15000,NA,0,8000,11000,NA,0,0,22000,5000,10000,20000,20000,8000,10000,20378,3820,5000,15500,NA,10000,10000,7000,10000,0,15000,0,0,5000,7550
M16 [Stock Position (During the month)],16.1.6,Stock position of Measles vaccines,3. Unusable Stock,2413,0,0,0,0,0,NA,46,100,0,0,NA,0,0,0,0,NA,0,0,0,0,2121,0,0,0,NA,0,0,0,0,0,0,0,0,NA,146
M16 [Stock Position (During the month)],16.1.6,Stock position of Measles vaccines,4. Stock Distributed,265111,24600,2800,6800,0,10900,NA,110,9250,12000,9950,NA,4750,0,9500,4000,12150,11750,14492,5952,6800,23967,3877,7300,7174,NA,10750,8700,8150,7930,2235,14400,8050,4200,4800,7774
M16 [Stock Position (During the month)],16.1.6,Stock position of Measles vaccines,5. Total Stock,295707,7250,2250,3750,15800,2900,15000,14,0,2000,1300,0,2600,16750,48790,8500,12855,20525,6558,5383,12600,40670,3337,2500,19275,0,3500,8350,7215,9900,5515,4350,1450,0,200,4620
M16 [Stock Position (During the month)],16.1.7,Stock position of JE vaccines,1. Balance From Previous Month,39095,NA,0,4800,0,7750,NA,NA,0,0,0,NA,0,0,0,0,NA,18150,3000,0,0,0,0,NA,0,NA,0,0,0,NA,0,0,0,0,0,5395
M16 [Stock Position (During the month)],16.1.7,Stock position of JE vaccines,2. Stocks Received,56400,NA,0,5000,0,5000,10000,NA,0,0,0,NA,0,0,0,0,NA,10000,10000,0,0,0,0,NA,0,NA,0,0,0,NA,0,0,0,0,6700,9700
M16 [Stock Position (During the month)],16.1.7,Stock position of JE vaccines,3. Unusable Stock,405,NA,0,0,0,0,NA,NA,0,0,0,NA,0,0,0,0,NA,0,0,0,0,0,0,NA,0,NA,0,0,0,NA,0,0,0,0,NA,405
M16 [Stock Position (During the month)],16.1.7,Stock position of JE vaccines,4. Stock Distributed,51520,NA,0,7900,0,11050,NA,NA,0,0,0,NA,0,0,0,0,NA,7950,9900,0,0,0,0,NA,0,NA,0,0,0,NA,0,0,0,0,6400,8320
M16 [Stock Position (During the month)],16.1.7,Stock position of JE vaccines,5. Total Stock,43570,0,0,1900,0,1700,10000,0,0,0,0,0,0,0,0,0,0,20200,3100,0,0,0,0,0,0,0,0,0,0,0,0,0,0,0,300,6370
M16 [Stock Position (During the month)],16.1.8,Stock position of Hepatitis B vaccines,1. Balance From Previous Month,452887,9300,16800,3200,100,14330,NA,568,44500,19000,3000,NA,15330,6500,15950,10500,13270,19700,12830,14603,12950,66620,7570,3950,37260,NA,4500,50,17770,12500,21280,14100,12850,7200,700,14106
M16 [Stock Position (During the month)],16.1.8,Stock position of Hepatitis B vaccines,2. Stocks Received,458739,22500,5500,15000,40000,15000,25000,NA,0,22500,15000,NA,0,0,18000,20000,20000,20000,22500,14140,10000,32979,5950,12000,1500,NA,20000,15000,15000,20000,0,22500,0,0,13000,15670
M16 [Stock Position (During the month)],16.1.8,Stock position of Hepatitis B vaccines,3. Unusable Stock,29485,0,0,0,0,0,NA,NA,27300,0,0,NA,0,0,0,0,NA,0,0,0,0,1918,0,0,0,NA,0,0,0,0,0,0,0,0,NA,267
M16 [Stock Position (During the month)],16.1.8,Stock position of Hepatitis B vaccines,4. Stock Distributed,417170,13800,8150,10800,0,24730,NA,189,17200,15500,10000,NA,8550,0,14000,12000,18170,18800,24700,11012,15800,44491,6119,10100,15395,NA,17500,6700,9810,13050,2620,23200,11800,7200,11000,14784
M16 [Stock Position (During the month)],16.1.8,Stock position of Hepatitis B vaccines,5. Total Stock,464971,18000,14150,7400,40100,4600,25000,379,0,26000,8000,0,6780,6500,19950,18500,15100,20900,10630,17731,7150,53190,7401,5850,23365,0,7000,8350,22960,19450,18660,13400,1050,0,2700,14725
M16 [Stock Position (During the month)],16.2.1,Stock Position of IU 380 A (to be used for Family Planning),1. Balance From Previous Month,315209,10600,16650,600,3200,900,NA,72,3914,50,0,NA,928,0,39320,8100,3890,0,2272,7519,10500,160328,5530,NA,0,100,0,0,1950,10086,8400,4410,1300,10150,NA,4440
M16 [Stock Position (During the month)],16.2.1,Stock Position of IU 380 A (to be used for Family Planning),2. Stocks Received,101227,500,0,0,0,0,NA,NA,3000,1800,0,NA,0,0,12000,0,23500,NA,4800,13111,0,0,1768,18000,0,18000,0,0,0,0,1800,0,0,0,NA,2948
M16 [Stock Position (During the month)],16.2.1,Stock Position of IU 380 A (to be used for Family Planning),3. Unusable Stock,427,0,0,0,0,0,NA,NA,0,0,0,NA,0,0,0,0,NA,0,0,0,0,90,0,NA,0,0,0,0,0,0,0,0,0,0,NA,337
M16 [Stock Position (During the month)],16.2.1,Stock Position of IU 380 A (to be used for Family Planning),4. Stock Distributed,194502,2050,10050,200,0,800,NA,16,1100,1800,0,NA,0,0,7500,0,3400,NA,2734,783,500,155031,966,NA,0,500,0,0,1950,725,100,2500,400,100,NA,1297
M16 [Stock Position (During the month)],16.2.1,Stock Position of IU 380 A (to be used for Family Planning),5. Total Stock,221507,9050,6600,400,3200,100,0,56,5814,50,0,0,928,0,43820,8100,23990,0,4338,19847,10000,5207,6332,18000,0,17600,0,0,0,9361,10100,1910,900,10050,0,5754
M16 [Stock Position (During the month)],16.2.2,Stock Position of Condoms (to be used for Family Planning),1. Balance From Previous Month,6143220,146160,8000,12190,50400,14320,10000,6550,81520,16160,14880,NA,9400,12000,3535322,0,0,0,460,696977,252400,104563,239738,NA,1240,46760,500,396200,85680,116040,42720,9180,27620,70800,NA,135440
M16 [Stock Position (During the month)],16.2.2,Stock Position of Condoms (to be used for Family Planning),2. Stocks Received,2996491,20160,0,0,0,0,0,NA,0,151200,0,NA,0,0,72000,0,393120,NA,300000,128712,0,59400,106586,678000,0,718560,20160,0,0,0,107640,0,166320,0,NA,74633
M16 [Stock Position (During the month)],16.2.2,Stock Position of Condoms (to be used for Family Planning),3. Unusable Stock,5034,0,0,0,0,0,NA,NA,0,0,0,NA,0,0,0,0,NA,0,0,0,0,0,0,NA,NA,0,0,0,0,0,0,0,0,0,NA,5034
M16 [Stock Position (During the month)],16.2.2,Stock Position of Condoms (to be used for Family Planning),4. Stock Distributed,2687712,110880,0,4700,0,11400,10000,1930,70560,151200,14880,NA,0,12000,900000,0,393120,NA,222380,98404,30000,43622,60542,NA,1240,20160,20660,186640,80640,105840,10080,3360,30240,30000,NA,63234
M16 [Stock Position (During the month)],16.2.2,Stock Position of Condoms (to be used for Family Planning),5. Total Stock,6446965,55440,8000,7490,50400,2920,0,4620,10960,16160,0,0,9400,0,2707322,0,0,0,78080,727285,222400,120341,285782,678000,0,745160,0,209560,5040,10200,140280,5820,163700,40800,0,141805
M16 [Stock Position (During the month)],16.2.3,Stock Position of Oral Contraceptive (to be used for Family Planning),1. Balance From Previous Month,4496121,19970,52100,6300,4500,4000,NA,169,40000,26200,2000,4700,7865,25000,4028200,22350,4900,0,700,18336,9000,22503,15163,NA,0,8598,100,8000,33000,45800,886,55400,6000,11300,NA,13081
M16 [Stock Position (During the month)],16.2.3,Stock Position of Oral Contraceptive (to be used for Family Planning),2. Stocks Received,360773,0,0,0,0,0,NA,NA,40120,0,0,7000,0,0,138000,0,43200,NA,25600,27034,0,9393,12378,23970,0,20000,0,0,0,0,0,0,0,0,NA,14078
M16 [Stock Position (During the month)],16.2.3,Stock Position of Oral Contraceptive (to be used for Family Planning),3. Unusable Stock,1302,0,0,0,0,0,NA,NA,0,0,0,0,0,0,0,0,NA,0,0,0,0,0,0,NA,0,0,0,0,0,0,0,0,0,0,NA,1302
M16 [Stock Position (During the month)],16.2.3,Stock Position of Oral Contraceptive (to be used for Family Planning),4. Stock Distributed,2080364,19970,35800,1800,0,2550,NA,22,15000,3800,2000,7700,0,2000,1850000,4800,19000,NA,24464,10117,5000,12376,7592,NA,0,400,100,4900,6000,9400,0,25200,4200,0,NA,6173
M16 [Stock Position (During the month)],16.2.3,Stock Position of Oral Contraceptive (to be used for Family Planning),5. Total Stock,2775228,0,16300,4500,4500,1450,0,147,65120,22400,0,4000,7865,23000,2316200,17550,29100,0,1836,35253,4000,19520,19949,23970,0,28198,0,3100,27000,36400,886,30200,1800,11300,0,19684
M16 [Stock Position (During the month)],16.2.4,Stock Position of Emergency Contraceptive (to be used for Family Planning),1. Balance From Previous Month,120081,14300,2660,1250,2000,450,NA,NA,0,5890,3000,2450,60,3400,33820,9600,765,0,200,4081,4100,8000,3140,NA,0,400,0,0,3750,4000,5500,1280,1005,2310,NA,2670
M16 [Stock Position (During the month)],16.2.4,Stock Position of Emergency Contraceptive (to be used for Family Planning),2. Stocks Received,44036,0,0,0,0,0,9000,NA,0,0,0,0,0,0,6500,0,0,NA,5700,716,0,0,1247,4000,0,4000,0,9000,0,0,0,0,0,0,NA,3873
M16 [Stock Position (During the month)],16.2.4,Stock Position of Emergency Contraceptive (to be used for Family Planning),3. Unusable Stock,0,0,0,0,0,0,NA,NA,0,0,0,0,0,0,0,0,NA,0,0,0,0,0,0,NA,0,0,0,0,0,0,0,0,0,0,NA,0
M16 [Stock Position (During the month)],16.2.4,Stock Position of Emergency Contraceptive (to be used for Family Planning),4. Stock Distributed,46150,2150,1140,0,0,400,3100,NA,0,800,1000,0,0,1000,4500,2400,765,NA,5900,909,1100,2000,422,NA,0,400,0,8350,2400,4000,200,1280,200,0,NA,1734
M16 [Stock Position (During the month)],16.2.4,Stock Position of Emergency Contraceptive (to be used for Family Planning),5. Total Stock,117967,12150,1520,1250,2000,50,5900,0,0,5090,2000,2450,60,2400,35820,7200,0,0,0,3888,3000,6000,3965,4000,0,4000,0,650,1350,0,5300,0,805,2310,0,4809
M16 [Stock Position (During the month)],16.2.5,Stock Position of Tubal Rings (to be used for Family Planning),1. Balance From Previous Month,61675,3450,1560,2700,4900,119,NA,NA,3850,0,0,0,0,600,20420,1000,200,0,3340,0,0,0,150,NA,2000,3200,100,0,4200,0,3750,500,1200,600,3250,586
M16 [Stock Position (During the month)],16.2.5,Stock Position of Tubal Rings (to be used for Family Planning),2. Stocks Received,25221,500,0,0,0,0,NA,NA,1300,0,0,0,0,0,5500,0,1000,NA,0,0,2000,0,0,2046,0,4250,200,4500,0,600,500,800,2000,0,NA,25
M16 [Stock Position (During the month)],16.2.5,Stock Position of Tubal Rings (to be used for Family Planning),3. Unusable Stock,0,0,0,0,0,0,NA,NA,0,0,0,0,0,0,0,0,NA,0,0,0,0,0,0,NA,0,0,0,0,0,0,0,0,0,0,NA,0
M16 [Stock Position (During the month)],16.2.5,Stock Position of Tubal Rings (to be used for Family Planning),4. Stock Distributed,10824,1700,600,0,0,0,NA,NA,0,0,0,0,0,0,3600,0,200,NA,0,0,0,0,0,NA,0,500,200,724,600,600,0,600,1300,0,NA,200
M16 [Stock Position (During the month)],16.2.5,Stock Position of Tubal Rings (to be used for Family Planning),5. Total Stock,76072,2250,960,2700,4900,119,0,0,5150,0,0,0,0,600,22320,1000,1000,0,3340,0,2000,0,150,2046,2000,6950,100,3776,3600,0,4250,700,1900,600,3250,411
M16 [Stock Position (During the month)],16.3.01,Stock Position of Oxytocin Injection,1. Balance From Previous Month,226612,NA,0,75,5880,3820,500,NA,0,40,0,8100,13210,1830,37500,0,20,0,77422,1856,0,90,3647,NA,28409,610,29200,700,850,2480,5,0,1200,340,3000,5828
M16 [Stock Position (During the month)],16.3.01,Stock Position of Oxytocin Injection,2. Stocks Received,63521,NA,0,0,0,0,0,NA,0,0,20,0,0,0,42000,0,0,NA,17500,1546,0,0,608,NA,0,0,0,0,0,0,20,0,0,0,NA,1827
M16 [Stock Position (During the month)],16.3.01,Stock Position of Oxytocin Injection,3. Unusable Stock,118,NA,0,0,0,0,NA,NA,0,0,0,0,0,0,0,0,NA,0,0,0,0,0,0,NA,0,0,0,0,0,0,0,0,0,0,NA,118
M16 [Stock Position (During the month)],16.3.01,Stock Position of Oxytocin Injection,4. Stock Distributed,114916,NA,0,0,0,375,500,NA,0,0,0,3000,10400,1070,9500,0,0,NA,72540,1200,0,50,1181,NA,700,500,9000,165,600,1770,0,0,500,0,300,1565
M16 [Stock Position (During the month)],16.3.01,Stock Position of Oxytocin Injection,5. Total Stock,175099,0,0,75,5880,3445,0,0,0,40,20,5100,2810,760,70000,0,20,0,22382,2202,0,40,3074,0,27709,110,20200,535,250,710,25,0,700,340,2700,5972
M16 [Stock Position (During the month)],16.3.02,Stock Position of Gloves,1. Balance From Previous Month,700882,23800,47260,300,49400,15828,NA,NA,0,3200,0,59200,34870,800,61100,7430,1150,0,30447,5417,2000,34550,7150,NA,33325,114320,33300,800,8800,53435,3250,0,6000,7000,2500,54250
M16 [Stock Position (During the month)],16.3.02,Stock Position of Gloves,2. Stocks Received,197112,0,0,0,0,0,NA,NA,0,0,0,0,0,0,78000,0,0,NA,0,4638,0,0,3489,NA,0,0,0,0,0,25,0,0,0,0,NA,110960
M16 [Stock Position (During the month)],16.3.02,Stock Position of Gloves,3. Unusable Stock,1660,0,0,0,0,0,NA,NA,0,0,0,0,0,0,0,0,NA,0,0,0,0,0,0,NA,0,0,0,0,0,0,0,0,0,0,NA,1660
M16 [Stock Position (During the month)],16.3.02,Stock Position of Gloves,4. Stock Distributed,111869,12000,0,150,0,1465,NA,NA,0,800,0,9250,5570,600,12000,0,0,NA,8800,2738,900,3500,2877,NA,1600,15000,10200,800,0,11250,400,0,1500,0,700,9769
M16 [Stock Position (During the month)],16.3.02,Stock Position of Gloves,5. Total Stock,784465,11800,47260,150,49400,14363,0,0,0,2400,0,49950,29300,200,127100,7430,1150,0,21647,7317,1100,31050,7762,0,31725,99320,23100,0,8800,42210,2850,0,4500,7000,1800,153781
M16 [Stock Position (During the month)],16.3.03,Stock Position of MVA Syringes,1. Balance From Previous Month,22312,NA,0,0,0,0,NA,NA,0,0,0,0,0,0,22300,0,0,0,0,0,0,0,8,NA,0,NA,0,0,0,NA,0,0,0,0,NA,4
M16 [Stock Position (During the month)],16.3.03,Stock Position of MVA Syringes,2. Stocks Received,26000,NA,0,0,0,0,NA,NA,0,0,0,0,0,0,26000,0,0,NA,0,0,0,0,0,NA,0,NA,0,0,0,NA,0,0,0,0,NA,0
M16 [Stock Position (During the month)],16.3.03,Stock Position of MVA Syringes,3. Unusable Stock,0,NA,0,0,0,0,NA,NA,0,0,0,0,0,0,0,0,NA,0,0,0,0,0,0,NA,0,NA,0,0,0,NA,0,0,0,0,NA,0
M16 [Stock Position (During the month)],16.3.03,Stock Position of MVA Syringes,4. Stock Distributed,13400,NA,0,0,0,0,NA,NA,0,0,0,0,0,0,13400,0,0,NA,0,0,0,0,0,NA,0,NA,0,0,0,NA,0,0,0,0,NA,0
M16 [Stock Position (During the month)],16.3.03,Stock Position of MVA Syringes,5. Total Stock,34912,0,0,0,0,0,0,0,0,0,0,0,0,0,34900,0,0,0,0,0,0,0,8,0,0,0,0,0,0,0,0,0,0,0,0,4
M16 [Stock Position (During the month)],16.3.04,Stock Position of Fluconazole Tablets,1. Balance From Previous Month,256334,NA,200,0,0,0,NA,NA,0,0,0,0,0,0,242900,50,0,0,0,781,0,0,223,NA,190,100,1070,0,0,NA,0,0,0,0,NA,10820
M16 [Stock Position (During the month)],16.3.04,Stock Position of Fluconazole Tablets,2. Stocks Received,283000,NA,0,0,0,0,NA,NA,0,0,0,0,0,0,283000,0,0,NA,0,0,0,0,0,NA,0,0,0,0,0,NA,0,0,0,0,NA,0
M16 [Stock Position (During the month)],16.3.04,Stock Position of Fluconazole Tablets,3. Unusable Stock,0,NA,0,0,0,0,NA,NA,0,0,0,0,0,0,0,0,NA,0,0,0,0,0,0,NA,0,0,0,0,0,NA,0,0,0,0,NA,0
M16 [Stock Position (During the month)],16.3.04,Stock Position of Fluconazole Tablets,4. Stock Distributed,68780,NA,0,0,0,0,NA,NA,0,0,0,0,0,0,68000,0,0,NA,0,0,0,0,20,NA,10,50,700,0,0,NA,0,0,0,0,NA,0
M16 [Stock Position (During the month)],16.3.04,Stock Position of Fluconazole Tablets,5. Total Stock,470554,0,200,0,0,0,0,0,0,0,0,0,0,0,457900,50,0,0,0,781,0,0,203,0,180,50,370,0,0,0,0,0,0,0,0,10820
M16 [Stock Position (During the month)],16.3.05,Stock Position of Blood Transfusion Sets,1. Balance From Previous Month,3206042,NA,0,0,2845,0,NA,NA,0,0,0,0,11750,0,3138000,0,0,0,2000,0,0,0,0,NA,40000,0,10010,0,0,183,0,0,0,0,NA,1254
M16 [Stock Position (During the month)],16.3.05,Stock Position of Blood Transfusion Sets,2. Stocks Received,2191150,NA,0,0,29950,0,NA,NA,0,0,0,0,0,0,2159000,0,0,NA,0,1200,0,0,0,NA,0,0,0,0,0,0,0,0,0,0,NA,1000
M16 [Stock Position (During the month)],16.3.05,Stock Position of Blood Transfusion Sets,3. Unusable Stock,0,NA,0,0,0,0,NA,NA,0,0,0,0,0,0,0,0,NA,0,0,0,0,0,0,NA,0,0,0,0,0,0,0,0,0,0,NA,0
M16 [Stock Position (During the month)],16.3.05,Stock Position of Blood Transfusion Sets,4. Stock Distributed,643370,NA,0,0,0,0,NA,NA,0,0,0,0,200,0,640000,0,0,NA,230,100,0,0,0,NA,0,0,2700,0,0,0,0,0,0,0,NA,140
M16 [Stock Position (During the month)],16.3.05,Stock Position of Blood Transfusion Sets,5. Total Stock,4753822,0,0,0,32795,0,0,0,0,0,0,0,11550,0,4657000,0,0,0,1770,1100,0,0,0,0,40000,0,7310,0,0,183,0,0,0,0,0,2114
M16 [Stock Position (During the month)],16.3.06,Stock Position of Gluteraldehyde solution of 2% concentration,1. Balance From Previous Month,4614,200,35,15,54,72,NA,NA,0,165,0,250,907,410,0,154,0,0,333,0,225,65,339,NA,100,3,880,0,0,170,4,0,90,0,NA,143
M16 [Stock Position (During the month)],16.3.06,Stock Position of Gluteraldehyde solution of 2% concentration,2. Stocks Received,104,0,0,0,0,0,50,NA,0,0,0,0,0,0,0,0,0,NA,0,0,0,0,26,NA,0,0,0,0,0,0,0,0,0,0,3,25
M16 [Stock Position (During the month)],16.3.06,Stock Position of Gluteraldehyde solution of 2% concentration,3. Unusable Stock,0,0,0,0,0,0,NA,NA,0,0,0,0,0,0,0,0,NA,0,0,0,0,0,0,NA,0,0,0,0,0,0,0,0,0,0,NA,0
M16 [Stock Position (During the month)],16.3.06,Stock Position of Gluteraldehyde solution of 2% concentration,4. Stock Distributed,927,93,0,0,0,54,30,NA,0,63,0,44,36,100,0,0,0,NA,15,0,30,2,29,NA,20,0,375,0,0,8,0,0,15,0,NA,13
M16 [Stock Position (During the month)],16.3.06,Stock Position of Gluteraldehyde solution of 2% concentration,5. Total Stock,3791,107,35,15,54,18,20,0,0,102,0,206,871,310,0,154,0,0,318,0,195,63,336,0,80,3,505,0,0,162,4,0,75,0,3,155
M16 [Stock Position (During the month)],16.3.07,Stock Position of IFA Tablets,1. Balance From Previous Month,7888948,12000,0,0,14000,315000,NA,NA,199870,0,0,48249,280420,88000,464000,40800,104900,0,2720885,228754,1375950,149210,207250,NA,0,530860,697300,0,0,NA,0,0,0,0,60000,351500
M16 [Stock Position (During the month)],16.3.07,Stock Position of IFA Tablets,2. Stocks Received,1324486,53000,0,0,0,0,NA,NA,0,0,0,0,0,0,87000,0,0,NA,0,446996,0,79410,173620,NA,0,0,0,0,0,NA,0,0,0,0,NA,484460
M16 [Stock Position (During the month)],16.3.07,Stock Position of IFA Tablets,3. Unusable Stock,118140,0,0,0,0,0,NA,NA,0,0,0,0,0,0,0,0,NA,0,0,0,0,0,0,NA,0,0,0,0,0,NA,0,0,0,0,NA,118140
M16 [Stock Position (During the month)],16.3.07,Stock Position of IFA Tablets,4. Stock Distributed,3373800,0,0,0,0,255000,NA,NA,0,0,0,4500,95000,60000,72000,0,74000,NA,1063000,449630,0,181585,199850,NA,0,54000,405780,0,0,NA,0,0,0,0,40000,419455
M16 [Stock Position (During the month)],16.3.07,Stock Position of IFA Tablets,5. Total Stock,5721494,65000,0,0,14000,60000,0,0,199870,0,0,43749,185420,28000,479000,40800,30900,0,1657885,226120,1375950,47035,181020,0,0,476860,291520,0,0,0,0,0,0,0,20000,298365
M16 [Stock Position (During the month)],16.3.08,Stock Position of IFA Syrup (Paediatric),1. Balance From Previous Month,183735,8800,0,0,0,0,NA,NA,0,0,0,53630,0,0,5400,0,0,0,1000,26981,22640,0,2665,NA,0,39477,15700,0,0,792,1000,0,0,0,NA,5650
M16 [Stock Position (During the month)],16.3.08,Stock Position of IFA Syrup (Paediatric),2. Stocks Received,17859,0,0,0,0,0,NA,NA,0,0,0,0,0,0,6000,0,0,NA,0,3754,0,0,3830,NA,0,0,0,0,0,0,0,0,0,0,NA,4275
M16 [Stock Position (During the month)],16.3.08,Stock Position of IFA Syrup (Paediatric),3. Unusable Stock,690,0,0,0,0,0,NA,NA,0,0,0,0,0,0,0,0,NA,0,0,0,0,0,0,NA,0,0,0,0,0,0,0,0,0,0,NA,690
M16 [Stock Position (During the month)],16.3.08,Stock Position of IFA Syrup (Paediatric),4. Stock Distributed,77210,6200,0,0,0,0,NA,NA,0,0,0,5000,0,0,6500,0,0,NA,0,2679,2100,0,4427,NA,0,32000,12600,0,0,792,400,0,0,0,NA,4512
M16 [Stock Position (During the month)],16.3.08,Stock Position of IFA Syrup (Paediatric),5. Total Stock,123694,2600,0,0,0,0,0,0,0,0,0,48630,0,0,4900,0,0,0,1000,28056,20540,0,2068,0,0,7477,3100,0,0,0,600,0,0,0,0,4723
M16 [Stock Position (During the month)],16.3.09,Stock Position of Paediatrics Antibiotics (Cotrimaxozole and Injectable Gentamicin),1. Balance From Previous Month,1292019,315780,0,895,200,5437,NA,NA,0,19040,0,218000,0,6000,0,2540,200,0,0,15771,54600,500,1875,NA,121615,44900,5125,45800,0,51498,4373,0,0,350000,14000,13870
M16 [Stock Position (During the month)],16.3.09,Stock Position of Paediatrics Antibiotics (Cotrimaxozole and Injectable Gentamicin),2. Stocks Received,512362,0,253122,0,0,0,NA,NA,0,0,0,0,0,0,0,0,75000,NA,0,200,0,0,10,NA,0,100000,0,71630,0,0,0,0,0,0,NA,12400
M16 [Stock Position (During the month)],16.3.09,Stock Position of Paediatrics Antibiotics (Cotrimaxozole and Injectable Gentamicin),3. Unusable Stock,50,0,0,0,0,0,NA,NA,0,0,0,0,0,0,0,0,NA,0,0,0,0,0,0,NA,0,0,0,0,0,0,0,0,0,0,NA,50
M16 [Stock Position (During the month)],16.3.09,Stock Position of Paediatrics Antibiotics (Cotrimaxozole and Injectable Gentamicin),4. Stock Distributed,209156,66900,0,0,0,480,NA,NA,0,6600,0,48000,0,0,0,860,10,NA,0,7350,2000,0,638,NA,25000,7000,2100,34210,0,145,1233,0,0,0,2000,4630
M16 [Stock Position (During the month)],16.3.09,Stock Position of Paediatrics Antibiotics (Cotrimaxozole and Injectable Gentamicin),5. Total Stock,1595175,248880,253122,895,200,4957,0,0,0,12440,0,170000,0,6000,0,1680,75190,0,0,8621,52600,500,1247,0,96615,137900,3025,83220,0,51353,3140,0,0,350000,12000,21590
M16 [Stock Position (During the month)],16.3.10,Stock Position of Vitamin A solution,1. Balance From Previous Month,614409,400,0,0,1484,610,NA,NA,500,357,0,526,4475,1500,206500,20,200,0,2615,10989,1000,376770,0,15,172,300,2100,78,0,2383,91,0,50,974,300,0
M16 [Stock Position (During the month)],16.3.10,Stock Position of Vitamin A solution,2. Stocks Received,49305,0,0,0,0,0,2000,NA,0,0,500,0,0,0,20200,0,0,NA,0,13854,0,0,2924,500,0,0,0,0,0,0,0,0,0,0,NA,9327
M16 [Stock Position (During the month)],16.3.10,Stock Position of Vitamin A solution,3. Unusable Stock,2768,0,0,0,0,0,NA,NA,0,0,0,0,0,0,0,0,NA,0,0,0,0,598,0,0,0,0,0,0,0,0,0,0,0,0,NA,2170
M16 [Stock Position (During the month)],16.3.10,Stock Position of Vitamin A solution,4. Stock Distributed,41672,150,0,0,0,335,1000,NA,0,357,0,120,0,400,14600,0,100,NA,312,4409,100,12822,638,45,0,250,600,0,0,240,56,0,0,0,300,4838
M16 [Stock Position (During the month)],16.3.10,Stock Position of Vitamin A solution,5. Total Stock,619274,250,0,0,1484,275,1000,0,500,0,500,406,4475,1100,212100,20,100,0,2303,20434,900,363350,2286,470,172,50,1500,78,0,2143,35,0,50,974,0,2319
M16 [Stock Position (During the month)],16.3.11,Stock of ORS (New WHO formulation),1. Balance From Previous Month,5343494,245000,613100,35630,106910,41995,65000,NA,150000,10425,78440,188670,448535,350000,57600,301935,49455,0,142075,127812,302865,243208,223115,NA,564560,135228,256900,55000,57740,56540,51675,0,10000,170000,180000,24081
M16 [Stock Position (During the month)],16.3.11,Stock of ORS (New WHO formulation),2. Stocks Received,426229,0,0,0,1,44400,0,NA,0,70800,0,0,0,0,32000,0,0,NA,0,47434,0,13625,53591,80000,0,0,0,0,0,0,0,0,20000,0,NA,64378
M16 [Stock Position (During the month)],16.3.11,Stock of ORS (New WHO formulation),3. Unusable Stock,2362,0,0,0,0,0,NA,NA,0,0,0,0,0,0,0,0,NA,0,0,0,0,0,0,NA,0,0,0,0,0,0,0,0,0,0,NA,2362
M16 [Stock Position (During the month)],16.3.11,Stock of ORS (New WHO formulation),4. Stock Distributed,1289151,106755,46400,0,0,1855,65000,NA,78000,19225,28440,157190,12150,9600,42650,13000,20500,NA,67050,69033,20200,58735,124715,60000,38200,37200,25000,6775,40400,7150,15200,0,8400,0,50000,60328
M16 [Stock Position (During the month)],16.3.11,Stock of ORS (New WHO formulation),5. Total Stock,4478210,138245,566700,35630,106911,84540,0,0,72000,62000,50000,31480,436385,340400,46950,288935,28955,0,75025,106213,282665,198098,151991,20000,526360,98028,231900,48225,17340,49390,36475,0,21600,170000,130000,25769
M16 [Stock Position (During the month)],16.4.1,Stock Position of 0.1 ml Syringes(AD),1. Balance From Previous Month,453593,7100,44000,5500,0,4800,10000,92,11100,10437,18800,4300,3700,25000,34100,20000,1450,18800,3400,7479,0,46081,10399,NA,4900,NA,700,100,13140,88900,1200,34200,9000,900,2700,11315
M16 [Stock Position (During the month)],16.4.1,Stock Position of 0.1 ml Syringes(AD),2. Stocks Received,147002,0,16000,0,0,0,0,NA,62300,10000,0,0,0,0,8000,10000,2000,0,2000,8202,0,0,5182,NA,0,NA,5000,0,0,0,0,0,0,0,NA,18318
M16 [Stock Position (During the month)],16.4.1,Stock Position of 0.1 ml Syringes(AD),3. Unusable Stock,2604,0,0,0,0,0,NA,NA,0,0,0,0,0,0,0,0,NA,0,0,0,0,1527,0,NA,0,NA,0,0,0,0,0,0,0,0,NA,1077
M16 [Stock Position (During the month)],16.4.1,Stock Position of 0.1 ml Syringes(AD),4. Stock Distributed,164196,6900,21800,200,0,2300,10000,35,4800,1800,8800,0,0,6000,7500,3000,3450,10200,3200,6943,0,11166,4466,NA,4000,NA,4400,0,3940,8900,0,10000,6800,0,1800,11796
M16 [Stock Position (During the month)],16.4.1,Stock Position of 0.1 ml Syringes(AD),5. Total Stock,433795,200,38200,5300,0,2500,0,57,68600,18637,10000,4300,3700,19000,34600,27000,0,8600,2200,8738,0,33388,11115,0,900,0,1300,100,9200,80000,1200,24200,2200,900,900,16760
M16 [Stock Position (During the month)],16.4.2,Stock Position of 0.5 ml Syringes(AD),1. Balance From Previous Month,2155714,64000,129000,43800,1800,52800,35000,985,90900,62100,25500,20000,15000,80000,29400,120000,0,10000,10800,148941,0,518493,67715,NA,1600,NA,1000,1000,70000,356400,400,78480,2600,0,40000,78000
M16 [Stock Position (During the month)],16.4.2,Stock Position of 0.5 ml Syringes(AD),2. Stocks Received,1388284,0,300000,0,4800,0,0,985,209500,120000,0,0,0,0,14000,124000,24000,3600,95000,74229,0,1000,91817,NA,0,NA,134000,0,0,0,0,0,24000,0,NA,167353
M16 [Stock Position (During the month)],16.4.2,Stock Position of 0.5 ml Syringes(AD),3. Unusable Stock,65638,0,0,0,0,0,NA,NA,0,0,0,0,0,0,0,0,NA,0,0,0,0,8576,0,NA,0,NA,0,0,0,0,0,0,0,0,NA,57062
M16 [Stock Position (During the month)],16.4.2,Stock Position of 0.5 ml Syringes(AD),4. Stock Distributed,1057059,61600,104400,3400,0,27600,35000,490,53400,54200,25500,0,0,5600,10000,80000,23000,0,84200,43547,0,118661,30626,NA,1600,NA,63200,0,5200,55200,0,41400,23600,0,26800,78835
M16 [Stock Position (During the month)],16.4.2,Stock Position of 0.5 ml Syringes(AD),5. Total Stock,2421301,2400,324600,40400,6600,25200,0,1480,247000,127900,0,20000,15000,74400,33400,164000,1000,13600,21600,179623,0,392256,128906,0,0,0,71800,1000,64800,301200,400,37080,3000,0,13200,109456
M16 [Stock Position (During the month)],16.4.3,Stock Position of 5.0 ml Syringes(Disposable),1. Balance From Previous Month,994808,3500,12900,3600,3500,2520,200,116,800,4100,5000,0,89300,13000,2600,6900,11700,1600,3200,3564,38000,37813,10660,NA,462910,NA,42300,300,25110,89850,2000,30050,4500,0,26000,57215
M16 [Stock Position (During the month)],16.4.3,Stock Position of 5.0 ml Syringes(Disposable),2. Stocks Received,292693,0,30000,0,60000,0,0,NA,24000,10000,0,75000,0,0,7000,4000,10000,0,0,9365,NA,180,3940,NA,0,NA,4000,0,0,0,0,0,0,0,NA,55208
M16 [Stock Position (During the month)],16.4.3,Stock Position of 5.0 ml Syringes(Disposable),3. Unusable Stock,6894,0,0,0,0,0,NA,NA,0,0,0,0,0,0,0,0,NA,0,0,0,NA,978,0,NA,0,NA,0,0,0,0,0,0,0,0,NA,5916
M16 [Stock Position (During the month)],16.4.3,Stock Position of 5.0 ml Syringes(Disposable),4. Stock Distributed,268327,3300,16800,200,0,720,200,38,300,6500,0,3800,31400,1000,3000,2000,10900,1600,400,8381,7000,3984,2786,NA,84810,NA,21000,0,2630,16200,0,5250,2500,0,5100,26528
M16 [Stock Position (During the month)],16.4.3,Stock Position of 5.0 ml Syringes(Disposable),5. Total Stock,1012280,200,26100,3400,63500,1800,0,78,24500,7600,5000,71200,57900,12000,6600,8900,10800,0,2800,4548,31000,33031,11814,0,378100,0,25300,300,22480,73650,2000,24800,2000,0,20900,79979
M17 [Details of deaths reported during the month with probable causes:],17.1,Number of cases of Infant deaths within 24 hrs of birth,TOTAL,185,2,14,3,6,14,2,NA,1,7,12,NA,1,5,7,9,5,NA,5,NA,9,13,6,3,2,1,2,NA,9,1,NA,3,23,4,11,5
M17 [Details of deaths reported during the month with probable causes:],17.2.1,Number of cases of Infant deaths 24 hours to 4 weeks of birth with the probable cause being Sepsis,1. Up to 1 Weeks of Birth,77,1,9,NA,NA,2,NA,8,1,9,5,1,3,NA,7,NA,1,NA,3,2,NA,2,NA,1,NA,1,2,2,1,1,NA,12,1,2,NA,NA
M17 [Details of deaths reported during the month with probable causes:],17.2.1,Number of cases of Infant deaths 24 hours to 4 weeks of birth with the probable cause being Sepsis,2. Between 1 week & 4 weeks of birth,22,NA,5,NA,NA,NA,NA,7,1,NA,1,NA,NA,NA,NA,NA,3,NA,1,NA,NA,NA,NA,NA,NA,NA,NA,1,NA,NA,NA,1,1,NA,1,NA
M17 [Details of deaths reported during the month with probable causes:],17.2.1,Number of cases of Infant deaths 24 hours to 4 weeks of birth with the probable cause being Sepsis,3. Total,99,1,14,NA,NA,2,NA,15,2,9,6,1,3,NA,7,NA,4,NA,4,2,NA,2,NA,1,NA,1,2,3,1,1,NA,13,2,2,1,NA
M17 [Details of deaths reported during the month with probable causes:],17.2.2,Number of cases of Infant deaths 24 hours to 4 weeks of birth with the probable cause being Asphyxia,1. Up to 1 Weeks of Birth,141,3,24,3,NA,1,5,18,2,12,1,NA,1,5,17,1,5,NA,8,NA,4,2,1,4,NA,4,1,1,4,1,1,6,2,1,1,2
M17 [Details of deaths reported during the month with probable causes:],17.2.2,Number of cases of Infant deaths 24 hours to 4 weeks of birth with the probable cause being Asphyxia,2. Between 1 week & 4 weeks of birth,15,NA,1,NA,NA,NA,NA,3,NA,1,NA,NA,NA,NA,1,1,1,NA,2,NA,1,NA,NA,NA,1,NA,1,1,NA,NA,NA,1,NA,NA,NA,NA
M17 [Details of deaths reported during the month with probable causes:],17.2.2,Number of cases of Infant deaths 24 hours to 4 weeks of birth with the probable cause being Asphyxia,3. Total,156,3,25,3,NA,1,5,21,2,13,1,NA,1,5,18,2,6,NA,10,NA,5,2,1,4,1,4,2,2,4,1,1,7,2,1,1,2
M17 [Details of deaths reported during the month with probable causes:],17.2.3,Number of cases of Infant deaths 24 hours to 4 weeks of birth with the probable cause being LBW,1. Up to 1 Weeks of Birth,212,10,9,7,NA,1,7,48,8,2,1,2,3,4,6,1,10,NA,18,NA,11,15,1,3,2,3,4,7,1,4,NA,9,6,5,NA,4
M17 [Details of deaths reported during the month with probable causes:],17.2.3,Number of cases of Infant deaths 24 hours to 4 weeks of birth with the probable cause being LBW,2. Between 1 week & 4 weeks of birth,38,2,NA,NA,NA,1,4,11,1,NA,NA,1,NA,3,1,1,NA,NA,NA,NA,2,1,1,1,NA,1,NA,NA,NA,1,NA,3,NA,1,1,1
M17 [Details of deaths reported during the month with probable causes:],17.2.3,Number of cases of Infant deaths 24 hours to 4 weeks of birth with the probable cause being LBW,3. Total,250,12,9,7,NA,2,11,59,9,2,1,3,3,7,7,2,10,NA,18,NA,13,16,2,4,2,4,4,7,1,5,NA,12,6,6,1,5
M17 [Details of deaths reported during the month with probable causes:],17.2.4,"Number of cases of Infant deaths 24 hours to 4 weeks of birth with the probable cause being other than Sepsis, Asphyxia and LBW",1. Up to 1 Weeks of Birth,212,8,11,12,4,3,4,NA,3,8,11,2,4,7,23,NA,2,NA,14,1,3,10,1,3,2,6,5,5,22,9,NA,14,6,2,NA,7
M17 [Details of deaths reported during the month with probable causes:],17.2.4,"Number of cases of Infant deaths 24 hours to 4 weeks of birth with the probable cause being other than Sepsis, Asphyxia and LBW",2. Between 1 week & 4 weeks of birth,50,2,6,NA,NA,1,NA,NA,2,1,2,3,1,1,4,1,4,NA,5,NA,1,1,NA,1,3,NA,NA,NA,5,NA,NA,NA,2,NA,2,2
M17 [Details of deaths reported during the month with probable causes:],17.2.4,"Number of cases of Infant deaths 24 hours to 4 weeks of birth with the probable cause being other than Sepsis, Asphyxia and LBW",3. Total,262,10,17,12,4,4,4,NA,5,9,13,5,5,8,27,1,6,NA,19,1,4,11,1,4,5,6,5,5,27,9,NA,14,8,2,2,9
M17 [Details of deaths reported during the month with probable causes:],17.3.1,Number of cases of Infant or Child deaths between 1 month to 5 years of age with the probable cause being Pneumonia,1. Between 1 month and 11 months,53,1,NA,3,NA,3,NA,21,NA,1,3,NA,2,NA,4,NA,NA,1,NA,NA,1,3,NA,2,NA,1,NA,2,1,1,NA,1,1,NA,NA,1
M17 [Details of deaths reported during the month with probable causes:],17.3.1,Number of cases of Infant or Child deaths between 1 month to 5 years of age with the probable cause being Pneumonia,2. Between 1 year & 5 years,27,1,NA,2,NA,1,NA,NA,NA,2,5,NA,NA,NA,2,1,1,NA,NA,NA,3,3,NA,2,1,NA,1,NA,1,1,NA,NA,NA,NA,NA,NA
M17 [Details of deaths reported during the month with probable causes:],17.3.1,Number of cases of Infant or Child deaths between 1 month to 5 years of age with the probable cause being Pneumonia,3. Total,80,2,NA,5,NA,4,NA,21,NA,3,8,NA,2,NA,6,1,1,1,NA,NA,4,6,NA,4,1,1,1,2,2,2,NA,1,1,NA,NA,1
M17 [Details of deaths reported during the month with probable causes:],17.3.2,Number of cases of Infant or Child deaths between 1 month to 5 years of age with the probable cause being Diarrhoea,1. Between 1 month and 11 months,4,NA,NA,NA,NA,NA,NA,4,NA,NA,NA,NA,NA,NA,NA,NA,NA,NA,NA,NA,NA,NA,NA,NA,NA,NA,NA,NA,NA,NA,NA,NA,NA,NA,NA,NA
M17 [Details of deaths reported during the month with probable causes:],17.3.2,Number of cases of Infant or Child deaths between 1 month to 5 years of age with the probable cause being Diarrhoea,2. Between 1 year & 5 years,NA,NA,NA,NA,NA,NA,NA,NA,NA,NA,NA,NA,NA,NA,NA,NA,NA,NA,NA,NA,NA,NA,NA,NA,NA,NA,NA,NA,NA,NA,NA,NA,NA,NA,NA,NA
M17 [Details of deaths reported during the month with probable causes:],17.3.2,Number of cases of Infant or Child deaths between 1 month to 5 years of age with the probable cause being Diarrhoea,3. Total,4,NA,NA,NA,NA,NA,NA,4,NA,NA,NA,NA,NA,NA,NA,NA,NA,NA,NA,NA,NA,NA,NA,NA,NA,NA,NA,NA,NA,NA,NA,NA,NA,NA,NA,NA
M17 [Details of deaths reported during the month with probable causes:],17.3.3,Number of cases of Infant or Child deaths between 1 month to 5 years of age with the probable cause being Fever related,1. Between 1 month and 11 months,2,NA,NA,NA,NA,NA,NA,2,NA,NA,NA,NA,NA,NA,NA,NA,NA,NA,NA,NA,NA,NA,NA,NA,NA,NA,NA,NA,NA,NA,NA,NA,NA,NA,NA,NA
M17 [Details of deaths reported during the month with probable causes:],17.3.3,Number of cases of Infant or Child deaths between 1 month to 5 years of age with the probable cause being Fever related,2. Between 1 year & 5 years,NA,NA,NA,NA,NA,NA,NA,NA,NA,NA,NA,NA,NA,NA,NA,NA,NA,NA,NA,NA,NA,NA,NA,NA,NA,NA,NA,NA,NA,NA,NA,NA,NA,NA,NA,NA
M17 [Details of deaths reported during the month with probable causes:],17.3.3,Number of cases of Infant or Child deaths between 1 month to 5 years of age with the probable cause being Fever related,3. Total,2,NA,NA,NA,NA,NA,NA,2,NA,NA,NA,NA,NA,NA,NA,NA,NA,NA,NA,NA,NA,NA,NA,NA,NA,NA,NA,NA,NA,NA,NA,NA,NA,NA,NA,NA
M17 [Details of deaths reported during the month with probable causes:],17.3.4,Number of cases of Infant or Child deaths between 1 month to 5 years of age with the probable cause being Measles,1. Between 1 month and 11 months,NA,NA,NA,NA,NA,NA,NA,NA,NA,NA,NA,NA,NA,NA,NA,NA,NA,NA,NA,NA,NA,NA,NA,NA,NA,NA,NA,NA,NA,NA,NA,NA,NA,NA,NA,NA
M17 [Details of deaths reported during the month with probable causes:],17.3.4,Number of cases of Infant or Child deaths between 1 month to 5 years of age with the probable cause being Measles,2. Between 1 year & 5 years,1,NA,NA,NA,NA,NA,NA,NA,NA,NA,NA,NA,NA,NA,1,NA,NA,NA,NA,NA,NA,NA,NA,NA,NA,NA,NA,NA,NA,NA,NA,NA,NA,NA,NA,NA
M17 [Details of deaths reported during the month with probable causes:],17.3.4,Number of cases of Infant or Child deaths between 1 month to 5 years of age with the probable cause being Measles,3. Total,1,NA,NA,NA,NA,NA,NA,NA,NA,NA,NA,NA,NA,NA,1,NA,NA,NA,NA,NA,NA,NA,NA,NA,NA,NA,NA,NA,NA,NA,NA,NA,NA,NA,NA,NA
M17 [Details of deaths reported during the month with probable causes:],17.3.5,"Number of cases of Infant or Child deaths between 1 month to 5 years of age with the probable cause being other than Pneumonia, Diarrhoea, Fever related and Measles",1. Between 1 month and 11 months,222,9,8,9,4,NA,5,NA,6,6,4,5,5,7,19,4,13,NA,8,2,6,15,NA,6,6,3,9,4,6,7,2,7,20,3,6,8
M17 [Details of deaths reported during the month with probable causes:],17.3.5,"Number of cases of Infant or Child deaths between 1 month to 5 years of age with the probable cause being other than Pneumonia, Diarrhoea, Fever related and Measles",2. Between 1 year & 5 years,188,7,8,6,6,3,2,NA,2,4,9,5,2,5,16,3,7,1,9,2,3,25,1,6,4,4,4,1,6,6,NA,12,9,1,3,6
M17 [Details of deaths reported during the month with probable causes:],17.3.5,"Number of cases of Infant or Child deaths between 1 month to 5 years of age with the probable cause being other than Pneumonia, Diarrhoea, Fever related and Measles",3. Total,410,16,16,15,10,3,7,NA,8,10,13,10,7,12,35,7,20,1,17,4,9,40,1,12,10,7,13,5,12,13,2,19,29,4,9,14
M17 [Details of deaths reported during the month with probable causes:],17.4.1,Number of cases of Adolescent or Adult deaths (age 6 years & above) with the probable cause being Diarrhoeal diseases,1. 6-14 yrs,2,NA,NA,NA,NA,NA,NA,NA,NA,NA,NA,NA,NA,NA,NA,NA,NA,NA,NA,NA,NA,NA,NA,NA,1,NA,1,NA,NA,NA,NA,NA,NA,NA,NA,NA
M17 [Details of deaths reported during the month with probable causes:],17.4.1,Number of cases of Adolescent or Adult deaths (age 6 years & above) with the probable cause being Diarrhoeal diseases,2. 15-55 yrs.,14,NA,NA,NA,NA,NA,NA,7,NA,NA,NA,NA,NA,1,1,NA,1,NA,NA,NA,2,NA,NA,NA,NA,NA,NA,NA,NA,NA,NA,NA,NA,NA,2,NA
M17 [Details of deaths reported during the month with probable causes:],17.4.1,Number of cases of Adolescent or Adult deaths (age 6 years & above) with the probable cause being Diarrhoeal diseases,3. Above 55 yrs.,15,NA,NA,NA,NA,NA,NA,10,NA,NA,NA,NA,NA,1,NA,1,NA,NA,1,NA,NA,1,NA,NA,NA,NA,NA,NA,NA,NA,NA,NA,NA,NA,1,NA
M17 [Details of deaths reported during the month with probable causes:],17.4.1,Number of cases of Adolescent or Adult deaths (age 6 years & above) with the probable cause being Diarrhoeal diseases,4. Total,31,NA,NA,NA,NA,NA,NA,17,NA,NA,NA,NA,NA,2,1,1,1,NA,1,NA,2,1,NA,NA,1,NA,1,NA,NA,NA,NA,NA,NA,NA,3,NA
M17 [Details of deaths reported during the month with probable causes:],17.4.2,Number of cases of Adolescent or Adult deaths (age 6 years & above) with the probable cause being Tuberculosis,1. 6-14 yrs,2,NA,NA,NA,NA,1,NA,NA,NA,NA,NA,NA,NA,NA,NA,NA,NA,NA,NA,NA,NA,NA,NA,NA,NA,NA,NA,NA,NA,NA,NA,NA,NA,1,NA,NA
M17 [Details of deaths reported during the month with probable causes:],17.4.2,Number of cases of Adolescent or Adult deaths (age 6 years & above) with the probable cause being Tuberculosis,2. 15-55 yrs.,194,3,3,7,4,3,NA,31,6,6,2,NA,4,4,6,1,1,NA,3,1,4,12,NA,1,2,5,11,8,1,11,2,5,27,3,5,12
M17 [Details of deaths reported during the month with probable causes:],17.4.2,Number of cases of Adolescent or Adult deaths (age 6 years & above) with the probable cause being Tuberculosis,3. Above 55 yrs.,91,5,3,2,1,2,NA,11,1,3,3,2,4,NA,2,2,3,3,NA,1,4,4,2,1,1,1,2,3,3,4,NA,2,11,2,NA,3
M17 [Details of deaths reported during the month with probable causes:],17.4.2,Number of cases of Adolescent or Adult deaths (age 6 years & above) with the probable cause being Tuberculosis,4. Total,287,8,6,9,5,6,NA,42,7,9,5,2,8,4,8,3,4,3,3,2,8,16,2,2,3,6,13,11,4,15,2,7,38,6,5,15
M17 [Details of deaths reported during the month with probable causes:],17.4.3,Number of cases of Adolescent or Adult deaths (age 6 years & above) with the probable cause being Respiratory diseases including infections,1. 6-14 yrs,29,1,NA,NA,NA,NA,NA,20,NA,1,NA,1,NA,NA,NA,NA,NA,NA,NA,NA,NA,3,NA,1,NA,1,NA,NA,NA,NA,NA,NA,NA,NA,NA,1
M17 [Details of deaths reported during the month with probable causes:],17.4.3,Number of cases of Adolescent or Adult deaths (age 6 years & above) with the probable cause being Respiratory diseases including infections,2. 15-55 yrs.,429,7,3,11,1,6,2,291,3,8,NA,5,3,2,7,4,8,1,7,4,9,7,NA,3,3,3,5,1,2,6,1,3,1,1,3,8
M17 [Details of deaths reported during the month with probable causes:],17.4.3,Number of cases of Adolescent or Adult deaths (age 6 years & above) with the probable cause being Respiratory diseases including infections,3. Above 55 yrs.,1508,26,19,69,16,48,6,521,11,35,9,25,50,12,54,18,30,13,63,47,29,49,5,6,35,13,26,10,33,43,30,23,7,61,15,51
M17 [Details of deaths reported during the month with probable causes:],17.4.3,Number of cases of Adolescent or Adult deaths (age 6 years & above) with the probable cause being Respiratory diseases including infections,4. Total,1966,34,22,80,17,54,8,832,14,44,9,31,53,14,61,22,38,14,70,51,38,59,5,10,38,17,31,11,35,49,31,26,8,62,18,60
M17 [Details of deaths reported during the month with probable causes:],17.4.4,Number of cases of Adolescent or Adult deaths (age 6 years & above) with the probable cause being Malaria,1. 6-14 yrs,3,NA,NA,NA,NA,NA,NA,NA,NA,1,NA,2,NA,NA,NA,NA,NA,NA,NA,NA,NA,NA,NA,NA,NA,NA,NA,NA,NA,NA,NA,NA,NA,NA,NA,NA
M17 [Details of deaths reported during the month with probable causes:],17.4.4,Number of cases of Adolescent or Adult deaths (age 6 years & above) with the probable cause being Malaria,2. 15-55 yrs.,4,NA,NA,NA,NA,NA,NA,2,NA,NA,NA,NA,NA,NA,NA,NA,NA,NA,NA,NA,2,NA,NA,NA,NA,NA,NA,NA,NA,NA,NA,NA,NA,NA,NA,NA
M17 [Details of deaths reported during the month with probable causes:],17.4.4,Number of cases of Adolescent or Adult deaths (age 6 years & above) with the probable cause being Malaria,3. Above 55 yrs.,2,NA,NA,NA,NA,NA,NA,NA,NA,NA,NA,NA,1,NA,NA,NA,NA,NA,NA,NA,1,NA,NA,NA,NA,NA,NA,NA,NA,NA,NA,NA,NA,NA,NA,NA
M17 [Details of deaths reported during the month with probable causes:],17.4.4,Number of cases of Adolescent or Adult deaths (age 6 years & above) with the probable cause being Malaria,4. Total,9,NA,NA,NA,NA,NA,NA,2,NA,1,NA,2,1,NA,NA,NA,NA,NA,NA,NA,3,NA,NA,NA,NA,NA,NA,NA,NA,NA,NA,NA,NA,NA,NA,NA
M17 [Details of deaths reported during the month with probable causes:],17.4.5,Number of cases of Adolescent or Adult deaths (age 6 years & above) with the probable cause being other Fever related,1. 6-14 yrs,8,NA,NA,NA,NA,1,NA,NA,NA,3,NA,NA,NA,NA,NA,NA,NA,NA,NA,NA,3,NA,NA,NA,NA,NA,NA,NA,NA,NA,NA,NA,1,NA,NA,NA
M17 [Details of deaths reported during the month with probable causes:],17.4.5,Number of cases of Adolescent or Adult deaths (age 6 years & above) with the probable cause being other Fever related,2. 15-55 yrs.,41,1,NA,NA,2,1,1,12,NA,1,NA,1,4,NA,NA,2,1,NA,3,1,1,1,1,NA,3,1,NA,1,NA,NA,NA,1,1,1,NA,NA
M17 [Details of deaths reported during the month with probable causes:],17.4.5,Number of cases of Adolescent or Adult deaths (age 6 years & above) with the probable cause being other Fever related,3. Above 55 yrs.,56,NA,1,2,1,NA,6,4,NA,NA,2,1,NA,1,2,1,1,1,12,NA,1,3,2,NA,1,NA,NA,NA,1,NA,1,2,2,1,3,4
M17 [Details of deaths reported during the month with probable causes:],17.4.5,Number of cases of Adolescent or Adult deaths (age 6 years & above) with the probable cause being other Fever related,4. Total,105,1,1,2,3,2,7,16,NA,4,2,2,4,1,2,3,2,1,15,1,5,4,3,NA,4,1,NA,1,1,NA,1,3,4,2,3,4
M17 [Details of deaths reported during the month with probable causes:],17.4.6,Number of cases of Adolescent or Adult deaths (age 6 years & above) with the probable cause being HIV/AIDS,1. 6-14 yrs,3,NA,NA,NA,NA,NA,NA,NA,NA,1,NA,NA,NA,NA,NA,1,NA,NA,NA,NA,NA,1,NA,NA,NA,NA,NA,NA,NA,NA,NA,NA,NA,NA,NA,NA
M17 [Details of deaths reported during the month with probable causes:],17.4.6,Number of cases of Adolescent or Adult deaths (age 6 years & above) with the probable cause being HIV/AIDS,2. 15-55 yrs.,116,19,NA,2,1,NA,4,2,2,6,1,NA,2,2,3,NA,3,3,2,NA,1,11,2,1,3,4,1,5,6,9,2,6,7,1,NA,5
M17 [Details of deaths reported during the month with probable causes:],17.4.6,Number of cases of Adolescent or Adult deaths (age 6 years & above) with the probable cause being HIV/AIDS,3. Above 55 yrs.,24,1,NA,1,NA,NA,1,NA,NA,NA,1,NA,NA,NA,5,NA,2,NA,NA,1,NA,NA,NA,NA,2,1,NA,1,2,3,1,NA,1,NA,NA,1
M17 [Details of deaths reported during the month with probable causes:],17.4.6,Number of cases of Adolescent or Adult deaths (age 6 years & above) with the probable cause being HIV/AIDS,4. Total,143,20,NA,3,1,NA,5,2,2,7,2,NA,2,2,8,1,5,3,2,1,1,12,2,1,5,5,1,6,8,12,3,6,8,1,NA,6
M17 [Details of deaths reported during the month with probable causes:],17.4.7,Number of cases of Adolescent or Adult deaths (age 6 years & above) with the probable cause being Heart disease or related to Hypertension,1. 6-14 yrs,13,NA,NA,1,NA,1,1,4,NA,NA,NA,NA,NA,NA,1,NA,NA,1,NA,NA,NA,1,NA,NA,NA,1,1,NA,NA,1,NA,NA,NA,NA,NA,NA
M17 [Details of deaths reported during the month with probable causes:],17.4.7,Number of cases of Adolescent or Adult deaths (age 6 years & above) with the probable cause being Heart disease or related to Hypertension,2. 15-55 yrs.,1453,52,13,32,16,22,10,511,10,14,14,13,44,9,36,11,82,14,23,12,33,66,4,18,16,31,30,32,73,64,19,38,25,20,13,33
M17 [Details of deaths reported during the month with probable causes:],17.4.7,Number of cases of Adolescent or Adult deaths (age 6 years & above) with the probable cause being Heart disease or related to Hypertension,3. Above 55 yrs.,4321,164,23,61,27,54,20,1964,19,70,29,35,51,11,66,28,199,34,63,31,37,161,16,33,37,76,52,109,208,244,177,87,36,46,14,39
M17 [Details of deaths reported during the month with probable causes:],17.4.7,Number of cases of Adolescent or Adult deaths (age 6 years & above) with the probable cause being Heart disease or related to Hypertension,4. Total,5787,216,36,94,43,77,31,2479,29,84,43,48,95,20,103,39,281,49,86,43,70,228,20,51,53,108,83,141,281,309,196,125,61,66,27,72
M17 [Details of deaths reported during the month with probable causes:],17.4.8,Number of cases of Adolescent or Adult deaths (age 6 years & above) with the probable cause being Neurological disease including strokes,1. 6-14 yrs,15,NA,NA,NA,NA,NA,NA,5,1,2,NA,NA,NA,NA,NA,1,1,NA,NA,NA,2,1,NA,NA,NA,NA,1,NA,NA,NA,NA,NA,NA,NA,NA,1
M17 [Details of deaths reported during the month with probable causes:],17.4.8,Number of cases of Adolescent or Adult deaths (age 6 years & above) with the probable cause being Neurological disease including strokes,2. 15-55 yrs.,231,13,5,9,NA,15,1,34,3,8,2,7,25,3,3,1,5,NA,7,1,13,19,2,4,4,6,2,3,3,11,3,8,5,2,1,3
M17 [Details of deaths reported during the month with probable causes:],17.4.8,Number of cases of Adolescent or Adult deaths (age 6 years & above) with the probable cause being Neurological disease including strokes,3. Above 55 yrs.,886,39,15,35,9,99,NA,55,6,55,9,33,97,8,10,11,16,6,43,10,30,44,2,14,13,18,20,30,31,34,18,20,6,24,12,14
M17 [Details of deaths reported during the month with probable causes:],17.4.8,Number of cases of Adolescent or Adult deaths (age 6 years & above) with the probable cause being Neurological disease including strokes,4. Total,1132,52,20,44,9,114,1,94,10,65,11,40,122,11,13,13,22,6,50,11,45,64,4,18,17,24,23,33,34,45,21,28,11,26,13,18
M17 [Details of deaths reported during the month with probable causes:],17.4.9(a),Number of cases of Maternal deaths (age 15-49 years) with the probable cause being Abortion,1. 6-14 yrs,NA,NA,NA,NA,NA,NA,NA,NA,NA,NA,NA,NA,NA,NA,NA,NA,NA,NA,NA,NA,NA,NA,NA,NA,NA,NA,NA,NA,NA,NA,NA,NA,NA,NA,NA,NA
M17 [Details of deaths reported during the month with probable causes:],17.4.9(a),Number of cases of Maternal deaths (age 15-49 years) with the probable cause being Abortion,2. 15-49 yrs,4,NA,NA,NA,NA,NA,NA,1,NA,NA,NA,NA,NA,NA,NA,NA,1,NA,NA,NA,NA,NA,NA,NA,NA,1,NA,NA,NA,NA,NA,NA,1,NA,NA,NA
M17 [Details of deaths reported during the month with probable causes:],17.4.9(a),Number of cases of Maternal deaths (age 15-49 years) with the probable cause being Abortion,3. Above 49 yrs.,NA,NA,NA,NA,NA,NA,NA,NA,NA,NA,NA,NA,NA,NA,NA,NA,NA,NA,NA,NA,NA,NA,NA,NA,NA,NA,NA,NA,NA,NA,NA,NA,NA,NA,NA,NA
M17 [Details of deaths reported during the month with probable causes:],17.4.9(a),Number of cases of Maternal deaths (age 15-49 years) with the probable cause being Abortion,4. Total,4,NA,NA,NA,NA,NA,NA,1,NA,NA,NA,NA,NA,NA,NA,NA,1,NA,NA,NA,NA,NA,NA,NA,NA,1,NA,NA,NA,NA,NA,NA,1,NA,NA,NA
M17 [Details of deaths reported during the month with probable causes:],17.4.9(b),Number of cases of Maternal deaths (age 15-49 years) with the probable cause being Obstructed or prolonged labour,1. 6-14 yrs,NA,NA,NA,NA,NA,NA,NA,NA,NA,NA,NA,NA,NA,NA,NA,NA,NA,NA,NA,NA,NA,NA,NA,NA,NA,NA,NA,NA,NA,NA,NA,NA,NA,NA,NA,NA
M17 [Details of deaths reported during the month with probable causes:],17.4.9(b),Number of cases of Maternal deaths (age 15-49 years) with the probable cause being Obstructed or prolonged labour,2. 15-49 yrs,NA,NA,NA,NA,NA,NA,NA,NA,NA,NA,NA,NA,NA,NA,NA,NA,NA,NA,NA,NA,NA,NA,NA,NA,NA,NA,NA,NA,NA,NA,NA,NA,NA,NA,NA,NA
M17 [Details of deaths reported during the month with probable causes:],17.4.9(b),Number of cases of Maternal deaths (age 15-49 years) with the probable cause being Obstructed or prolonged labour,3. Above 49 yrs.,NA,NA,NA,NA,NA,NA,NA,NA,NA,NA,NA,NA,NA,NA,NA,NA,NA,NA,NA,NA,NA,NA,NA,NA,NA,NA,NA,NA,NA,NA,NA,NA,NA,NA,NA,NA
M17 [Details of deaths reported during the month with probable causes:],17.4.9(b),Number of cases of Maternal deaths (age 15-49 years) with the probable cause being Obstructed or prolonged labour,4. Total,NA,NA,NA,NA,NA,NA,NA,NA,NA,NA,NA,NA,NA,NA,NA,NA,NA,NA,NA,NA,NA,NA,NA,NA,NA,NA,NA,NA,NA,NA,NA,NA,NA,NA,NA,NA
M17 [Details of deaths reported during the month with probable causes:],17.4.9(c),Number of cases of Maternal deaths (age 15-49 years) with the probable cause being Severe hypertesnion or fits,1. 6-14 yrs,NA,NA,NA,NA,NA,NA,NA,NA,NA,NA,NA,NA,NA,NA,NA,NA,NA,NA,NA,NA,NA,NA,NA,NA,NA,NA,NA,NA,NA,NA,NA,NA,NA,NA,NA,NA
M17 [Details of deaths reported during the month with probable causes:],17.4.9(c),Number of cases of Maternal deaths (age 15-49 years) with the probable cause being Severe hypertesnion or fits,2. 15-49 yrs,4,NA,NA,NA,NA,NA,NA,1,NA,NA,NA,NA,NA,1,NA,NA,NA,1,NA,NA,NA,NA,NA,NA,NA,NA,NA,NA,NA,NA,NA,NA,NA,NA,NA,1
M17 [Details of deaths reported during the month with probable causes:],17.4.9(c),Number of cases of Maternal deaths (age 15-49 years) with the probable cause being Severe hypertesnion or fits,3. Above 49 yrs.,NA,NA,NA,NA,NA,NA,NA,NA,NA,NA,NA,NA,NA,NA,NA,NA,NA,NA,NA,NA,NA,NA,NA,NA,NA,NA,NA,NA,NA,NA,NA,NA,NA,NA,NA,NA
M17 [Details of deaths reported during the month with probable causes:],17.4.9(c),Number of cases of Maternal deaths (age 15-49 years) with the probable cause being Severe hypertesnion or fits,4. Total,4,NA,NA,NA,NA,NA,NA,1,NA,NA,NA,NA,NA,1,NA,NA,NA,1,NA,NA,NA,NA,NA,NA,NA,NA,NA,NA,NA,NA,NA,NA,NA,NA,NA,1
M17 [Details of deaths reported during the month with probable causes:],17.4.9(d),Number of cases of Maternal deaths (age 15-49 years) with the probable cause being Bleeding,1. 6-14 yrs,NA,NA,NA,NA,NA,NA,NA,NA,NA,NA,NA,NA,NA,NA,NA,NA,NA,NA,NA,NA,NA,NA,NA,NA,NA,NA,NA,NA,NA,NA,NA,NA,NA,NA,NA,NA
M17 [Details of deaths reported during the month with probable causes:],17.4.9(d),Number of cases of Maternal deaths (age 15-49 years) with the probable cause being Bleeding,2. 15-49 yrs,13,1,NA,NA,1,NA,1,NA,NA,NA,NA,NA,NA,NA,NA,1,1,NA,NA,NA,1,4,NA,NA,NA,NA,NA,NA,NA,NA,NA,1,2,NA,NA,NA
M17 [Details of deaths reported during the month with probable causes:],17.4.9(d),Number of cases of Maternal deaths (age 15-49 years) with the probable cause being Bleeding,3. Above 49 yrs.,NA,NA,NA,NA,NA,NA,NA,NA,NA,NA,NA,NA,NA,NA,NA,NA,NA,NA,NA,NA,NA,NA,NA,NA,NA,NA,NA,NA,NA,NA,NA,NA,NA,NA,NA,NA
M17 [Details of deaths reported during the month with probable causes:],17.4.9(d),Number of cases of Maternal deaths (age 15-49 years) with the probable cause being Bleeding,4. Total,13,1,NA,NA,1,NA,1,NA,NA,NA,NA,NA,NA,NA,NA,1,1,NA,NA,NA,1,4,NA,NA,NA,NA,NA,NA,NA,NA,NA,1,2,NA,NA,NA
M17 [Details of deaths reported during the month with probable causes:],17.4.9(e),Number of cases of Maternal deaths (age 15-49 years) with the probable cause being High Fever,1. 6-14 yrs,NA,NA,NA,NA,NA,NA,NA,NA,NA,NA,NA,NA,NA,NA,NA,NA,NA,NA,NA,NA,NA,NA,NA,NA,NA,NA,NA,NA,NA,NA,NA,NA,NA,NA,NA,NA
M17 [Details of deaths reported during the month with probable causes:],17.4.9(e),Number of cases of Maternal deaths (age 15-49 years) with the probable cause being High Fever,2. 15-49 yrs,1,NA,NA,NA,NA,NA,NA,NA,NA,NA,NA,NA,NA,NA,1,NA,NA,NA,NA,NA,NA,NA,NA,NA,NA,NA,NA,NA,NA,NA,NA,NA,NA,NA,NA,NA
M17 [Details of deaths reported during the month with probable causes:],17.4.9(e),Number of cases of Maternal deaths (age 15-49 years) with the probable cause being High Fever,3. Above 49 yrs.,NA,NA,NA,NA,NA,NA,NA,NA,NA,NA,NA,NA,NA,NA,NA,NA,NA,NA,NA,NA,NA,NA,NA,NA,NA,NA,NA,NA,NA,NA,NA,NA,NA,NA,NA,NA
M17 [Details of deaths reported during the month with probable causes:],17.4.9(e),Number of cases of Maternal deaths (age 15-49 years) with the probable cause being High Fever,4. Total,1,NA,NA,NA,NA,NA,NA,NA,NA,NA,NA,NA,NA,NA,1,NA,NA,NA,NA,NA,NA,NA,NA,NA,NA,NA,NA,NA,NA,NA,NA,NA,NA,NA,NA,NA
M17 [Details of deaths reported during the month with probable causes:],17.4.9(f),Number of cases of Maternal deaths (age 15-49 years) with the probable cause being other causes (excluding abortion; obstructed or prolonged labour; severe hypertension or fits;,1. 6-14 yrs,NA,NA,NA,NA,NA,NA,NA,NA,NA,NA,NA,NA,NA,NA,NA,NA,NA,NA,NA,NA,NA,NA,NA,NA,NA,NA,NA,NA,NA,NA,NA,NA,NA,NA,NA,NA
M17 [Details of deaths reported during the month with probable causes:],17.4.9(f),Number of cases of Maternal deaths (age 15-49 years) with the probable cause being other causes (excluding abortion; obstructed or prolonged labour; severe hypertension or fits;,2. 15-49 yrs,74,4,NA,1,2,1,NA,20,1,NA,NA,NA,NA,NA,1,1,NA,2,15,NA,1,4,1,NA,NA,1,1,2,3,NA,NA,4,3,3,NA,3
M17 [Details of deaths reported during the month with probable causes:],17.4.9(f),Number of cases of Maternal deaths (age 15-49 years) with the probable cause being other causes (excluding abortion; obstructed or prolonged labour; severe hypertension or fits;,3. Above 49 yrs.,NA,NA,NA,NA,NA,NA,NA,NA,NA,NA,NA,NA,NA,NA,NA,NA,NA,NA,NA,NA,NA,NA,NA,NA,NA,NA,NA,NA,NA,NA,NA,NA,NA,NA,NA,NA
M17 [Details of deaths reported during the month with probable causes:],17.4.9(f),Number of cases of Maternal deaths (age 15-49 years) with the probable cause being other causes (excluding abortion; obstructed or prolonged labour; severe hypertension or fits;,4. Total,74,4,NA,1,2,1,NA,20,1,NA,NA,NA,NA,NA,1,1,NA,2,15,NA,1,4,1,NA,NA,1,1,2,3,NA,NA,4,3,3,NA,3
M17 [Details of deaths reported during the month with probable causes:],17.4.10,Number of cases of Adolescent or Adult deaths (age 6 years & above) with the probable cause being Trauma or Accidents or Burn cases,1. 6-14 yrs,41,4,NA,NA,NA,NA,1,5,NA,4,NA,NA,2,NA,NA,1,NA,1,NA,1,2,7,NA,2,NA,1,3,NA,NA,NA,NA,1,1,1,1,3
M17 [Details of deaths reported during the month with probable causes:],17.4.10,Number of cases of Adolescent or Adult deaths (age 6 years & above) with the probable cause being Trauma or Accidents or Burn cases,2. 15-55 yrs.,655,37,10,29,13,9,13,86,13,9,9,11,11,7,35,14,13,6,16,9,26,65,6,19,12,24,15,9,11,28,5,28,12,13,7,25
M17 [Details of deaths reported during the month with probable causes:],17.4.10,Number of cases of Adolescent or Adult deaths (age 6 years & above) with the probable cause being Trauma or Accidents or Burn cases,3. Above 55 yrs.,186,20,NA,9,2,5,4,9,1,6,3,3,6,3,4,1,4,2,5,11,2,10,5,4,5,8,6,10,3,10,6,10,3,1,1,4
M17 [Details of deaths reported during the month with probable causes:],17.4.10,Number of cases of Adolescent or Adult deaths (age 6 years & above) with the probable cause being Trauma or Accidents or Burn cases,4. Total,882,61,10,38,15,14,18,100,14,19,12,14,19,10,39,16,17,9,21,21,30,82,11,25,17,33,24,19,14,38,11,39,16,15,9,32
M17 [Details of deaths reported during the month with probable causes:],17.4.11,Number of cases of Adolescent or Adult deaths (age 6 years & above) with the probable cause being suicide,1. 6-14 yrs,7,NA,NA,NA,NA,NA,NA,NA,NA,NA,NA,NA,NA,NA,NA,NA,NA,NA,NA,2,NA,1,NA,NA,NA,NA,NA,NA,1,NA,NA,2,NA,1,NA,NA
M17 [Details of deaths reported during the month with probable causes:],17.4.11,Number of cases of Adolescent or Adult deaths (age 6 years & above) with the probable cause being suicide,2. 15-55 yrs.,542,42,12,41,8,17,6,1,21,14,8,9,5,4,22,12,12,13,18,9,10,41,10,13,10,25,12,7,21,23,7,24,7,21,11,26
M17 [Details of deaths reported during the month with probable causes:],17.4.11,Number of cases of Adolescent or Adult deaths (age 6 years & above) with the probable cause being suicide,3. Above 55 yrs.,115,7,4,7,1,3,4,NA,4,2,3,3,4,2,2,1,2,2,6,1,4,6,1,3,NA,4,2,3,4,6,1,8,4,3,1,7
M17 [Details of deaths reported during the month with probable causes:],17.4.11,Number of cases of Adolescent or Adult deaths (age 6 years & above) with the probable cause being suicide,4. Total,664,49,16,48,9,20,10,1,25,16,11,12,9,6,24,13,14,15,24,12,14,48,11,16,10,29,14,10,26,29,8,34,11,25,12,33
M17 [Details of deaths reported during the month with probable causes:],17.4.12,Number of cases of Adolescent or Adult deaths (age 6 years & above) with the probable cause being Animal bites and stings,1. 6-14 yrs,17,1,NA,1,NA,NA,1,NA,NA,NA,NA,3,1,1,2,NA,NA,NA,2,NA,NA,4,NA,NA,NA,1,NA,NA,NA,NA,NA,NA,NA,NA,NA,NA
M17 [Details of deaths reported during the month with probable causes:],17.4.12,Number of cases of Adolescent or Adult deaths (age 6 years & above) with the probable cause being Animal bites and stings,2. 15-55 yrs.,65,NA,1,4,1,1,1,NA,5,1,6,3,NA,NA,4,NA,1,3,3,1,1,5,NA,3,5,2,1,NA,NA,2,1,NA,4,4,1,1
M17 [Details of deaths reported during the month with probable causes:],17.4.12,Number of cases of Adolescent or Adult deaths (age 6 years & above) with the probable cause being Animal bites and stings,3. Above 55 yrs.,35,NA,NA,3,NA,NA,NA,NA,1,NA,2,NA,1,1,5,NA,NA,NA,2,1,2,3,NA,NA,NA,1,1,1,1,2,2,2,1,1,1,1
M17 [Details of deaths reported during the month with probable causes:],17.4.12,Number of cases of Adolescent or Adult deaths (age 6 years & above) with the probable cause being Animal bites and stings,4. Total,117,1,1,8,1,1,2,NA,6,1,8,6,2,2,11,NA,1,3,7,2,3,12,NA,3,5,4,2,1,1,4,3,2,5,5,2,2
M17 [Details of deaths reported during the month with probable causes:],17.4.13(a),Number of cases of Adolescent or Adult deaths (age 6 years & above) with the probable cause being Known Acute disease,1. 6-14 yrs,14,NA,NA,NA,NA,NA,NA,NA,NA,1,NA,1,1,1,NA,NA,2,NA,NA,1,2,NA,NA,NA,1,NA,NA,NA,3,NA,NA,NA,NA,1,NA,NA
M17 [Details of deaths reported during the month with probable causes:],17.4.13(a),Number of cases of Adolescent or Adult deaths (age 6 years & above) with the probable cause being Known Acute disease,2. 15-55 yrs.,296,6,4,8,4,6,2,NA,6,10,5,8,8,1,10,3,14,7,2,8,13,17,2,4,6,11,16,9,14,27,4,13,16,7,1,24
M17 [Details of deaths reported during the month with probable causes:],17.4.13(a),Number of cases of Adolescent or Adult deaths (age 6 years & above) with the probable cause being Known Acute disease,3. Above 55 yrs.,747,33,23,30,11,12,6,NA,24,8,11,13,13,NA,25,4,46,17,14,22,25,52,3,16,15,32,49,35,43,50,13,33,8,14,6,41
M17 [Details of deaths reported during the month with probable causes:],17.4.13(a),Number of cases of Adolescent or Adult deaths (age 6 years & above) with the probable cause being Known Acute disease,4. Total,1057,39,27,38,15,18,8,NA,30,19,16,22,22,2,35,7,62,24,16,31,40,69,5,20,22,43,65,44,60,77,17,46,24,22,7,65
M17 [Details of deaths reported during the month with probable causes:],17.4.13(b),Number of cases of Adolescent or Adult deaths (age 6 years & above) with the probable cause being Known Chronic disease,1. 6-14 yrs,26,2,NA,2,NA,1,NA,NA,1,1,NA,NA,1,NA,1,1,2,NA,3,1,3,1,NA,1,NA,1,NA,1,1,NA,NA,1,NA,1,NA,NA
M17 [Details of deaths reported during the month with probable causes:],17.4.13(b),Number of cases of Adolescent or Adult deaths (age 6 years & above) with the probable cause being Known Chronic disease,2. 15-55 yrs.,790,31,11,34,12,28,12,NA,21,40,13,30,18,8,32,11,40,5,28,19,25,49,5,15,12,28,33,25,24,52,19,31,22,16,13,28
M17 [Details of deaths reported during the month with probable causes:],17.4.13(b),Number of cases of Adolescent or Adult deaths (age 6 years & above) with the probable cause being Known Chronic disease,3. Above 55 yrs.,2060,89,27,131,33,34,20,NA,38,67,17,42,58,25,63,28,107,21,79,57,77,111,13,34,49,69,67,100,102,172,74,96,23,40,17,80
M17 [Details of deaths reported during the month with probable causes:],17.4.13(b),Number of cases of Adolescent or Adult deaths (age 6 years & above) with the probable cause being Known Chronic disease,4. Total,2876,122,38,167,45,63,32,NA,60,108,30,72,77,33,96,40,149,26,110,77,105,161,18,50,61,98,100,126,127,224,93,128,45,57,30,108
M17 [Details of deaths reported during the month with probable causes:],17.4.13(c),Number of cases of Adolescent or Adult deaths (age 6 years & above) where the cause was not known,1. 6-14 yrs,56,2,1,4,2,2,3,NA,2,NA,1,1,NA,1,1,NA,3,1,4,2,1,2,NA,4,2,4,1,3,1,2,NA,2,1,NA,NA,3
M17 [Details of deaths reported during the month with probable causes:],17.4.13(c),Number of cases of Adolescent or Adult deaths (age 6 years & above) where the cause was not known,2. 15-55 yrs.,790,27,13,36,15,19,8,NA,17,23,18,12,24,8,47,6,61,8,11,18,14,51,12,22,15,49,41,15,25,20,6,30,60,5,14,40
M17 [Details of deaths reported during the month with probable causes:],17.4.13(c),Number of cases of Adolescent or Adult deaths (age 6 years & above) where the cause was not known,3. Above 55 yrs.,3672,170,103,99,71,26,84,NA,124,60,82,29,53,28,166,19,344,38,65,55,63,246,86,22,55,298,177,174,211,180,59,233,61,51,49,91
M17 [Details of deaths reported during the month with probable causes:],17.4.13(c),Number of cases of Adolescent or Adult deaths (age 6 years & above) where the cause was not known,4. Total,4518,199,117,139,88,47,95,NA,143,83,101,42,77,37,214,25,408,47,80,75,78,299,98,48,72,351,219,192,237,202,65,265,122,56,63,134
